0
302
0.22628998756408691
603
0.22637486457824707
904
0.22643089294433594
1205
0.22647404670715332
1506
0.2265160083770752
1807
0.22655606269836426
1999
0.22659587860107422
2191
0.22663593292236328
2383
0.22667694091796875
2575
0.2267169952392578
2767
0.22675704956054688
2959
0.22679805755615234
3224
0.2268378734588623
3489
0.22687697410583496
3754
0.22691702842712402
4055
0.2269580364227295
4356
0.22699904441833496
4657
0.22704005241394043
4958
0.2270820140838623
5150
0.22712397575378418
5342
0.22716593742370605
5534
0.22720789909362793
5726
0.22724294662475586
5918
0.22728490829467773
6183
0.2273268699645996
6448
0.22737503051757812
6749
0.2274188995361328
7050
0.2274610996246338
7351
0.22750592231750488
7652
0.22755002975463867
7917
0.22759389877319336
8215
0.22763705253601074
8513
0.22768187522888184
8811
0.22772502899169922
9109
0.2277688980102539
9374
0.2278139591217041
9639
0.22788000106811523
9904
0.22792792320251465
10169
0.22819209098815918
10433
0.2329089641571045
10698
0.23669791221618652
10963
0.23813509941101074
11228
0.2391049861907959
11493
0.24170899391174316
11757
0.2475268840789795
12022
0.24904799461364746
12287
0.2498009204864502
12552
0.252424955368042
12744
0.2575230598449707
13008
0.25995707511901855
13273
0.26063108444213867
13538
0.26322197914123535
13802
0.2716989517211914
14067
0.27391505241394043
14331
0.2845890522003174
14632
0.28531408309936523
14933
0.30009889602661133
15234
0.35801100730895996
15535
0.39681100845336914
15833
0.4333000183105469
16131
0.5132019519805908
0
302
0.21700501441955566
603
0.21709489822387695
904
0.217149019241333
1205
0.21719694137573242
1506
0.21724486351013184
1807
0.21728992462158203
1999
0.21733403205871582
2191
0.2173759937286377
2383
0.21741986274719238
2575
0.21746301651000977
2767
0.21750688552856445
2959
0.21755099296569824
3224
0.21759390830993652
3489
0.217634916305542
3754
0.2176809310913086
4055
0.21773600578308105
4356
0.21778297424316406
4657
0.21782588958740234
4958
0.21786904335021973
5150
0.21791291236877441
5342
0.2179560661315918
5534
0.21800494194030762
5726
0.2180500030517578
5918
0.2180938720703125
6183
0.2181398868560791
6448
0.2181849479675293
6713
0.2182300090789795
7014
0.2182750701904297
7315
0.21831989288330078
7616
0.2183680534362793
7917
0.2184140682220459
8182
0.2184598445892334
8447
0.218505859375
8745
0.2185530662536621
9043
0.21860384941101074
9341
0.21865200996398926
9639
0.21870088577270508
9904
0.21874785423278809
10169
0.21881699562072754
10433
0.22118806838989258
10698
0.2247788906097412
10963
0.22691106796264648
11228
0.22875189781188965
11529
0.23003196716308594
11794
0.23046493530273438
12095
0.23127293586730957
12359
0.2354450225830078
12624
0.23786306381225586
12889
0.2396688461303711
13154
0.24142694473266602
13346
0.25172996520996094
13610
0.2517838478088379
13875
0.2518470287322998
14140
0.25233983993530273
14404
0.2615690231323242
14669
0.26325297355651855
14933
0.2741379737854004
15234
0.3053269386291504
15535
0.3271658420562744
15833
0.3782658576965332
16131
0.44069385528564453
0
302
0.21444296836853027
603
0.21453404426574707
904
0.21458196640014648
1205
0.21462702751159668
1506
0.21466898918151855
1807
0.21471309661865234
1999
0.2147541046142578
2191
0.21479511260986328
2383
0.21483802795410156
2575
0.21487903594970703
2767
0.2149190902709961
2959
0.21496105194091797
3224
0.21500802040100098
3489
0.21504807472229004
3754
0.21509289741516113
4055
0.21514606475830078
4356
0.21518802642822266
4657
0.21523308753967285
4958
0.21527600288391113
5150
0.215317964553833
5342
0.21535992622375488
5534
0.21540212631225586
5726
0.2154691219329834
5918
0.21551299095153809
6183
0.21555590629577637
6448
0.21560096740722656
6713
0.21564602851867676
7014
0.21568989753723145
7315
0.21573710441589355
7616
0.21578192710876465
7917
0.21582603454589844
8182
0.21587300300598145
8447
0.21591806411743164
8745
0.21596312522888184
9043
0.21601104736328125
9341
0.21605706214904785
9639
0.21610307693481445
9904
0.21615099906921387
10169
0.2162160873413086
10433
0.21837997436523438
10698
0.2227339744567871
10963
0.22370100021362305
11228
0.22615504264831543
11529
0.22715306282043457
11830
0.22735190391540527
12095
0.22780394554138184
12359
0.23350000381469727
12624
0.23429608345031738
12889
0.23700189590454102
13154
0.23852896690368652
13346
0.24207305908203125
13610
0.24497294425964355
13875
0.24776101112365723
14140
0.24927306175231934
14404
0.25852489471435547
14669
0.25995492935180664
14933
0.27057504653930664
15234
0.3027799129486084
15535
0.32256197929382324
15833
0.3774230480194092
16131
0.4357140064239502
0
266
0.21416306495666504
531
0.21425700187683105
832
0.2143080234527588
1133
0.2143540382385254
1434
0.21440815925598145
1735
0.21445703506469727
2036
0.2145071029663086
2337
0.21454906463623047
2529
0.21459221839904785
2721
0.21463418006896973
2913
0.21468520164489746
3105
0.21473217010498047
3297
0.2147819995880127
3489
0.21482515335083008
3754
0.2148740291595459
4019
0.2149181365966797
4284
0.21496105194091797
4585
0.2150130271911621
4886
0.2150580883026123
5187
0.21509408950805664
5488
0.21514105796813965
5680
0.2151930332183838
5872
0.21523809432983398
6064
0.21529316902160645
6256
0.21533799171447754
6448
0.21538400650024414
6713
0.21543216705322266
6978
0.21547698974609375
7279
0.21552300453186035
7580
0.21557211875915527
7881
0.21561813354492188
8182
0.21566510200500488
8447
0.21571612358093262
8745
0.21576309204101562
9043
0.21581006050109863
9341
0.21586012840270996
9639
0.21590805053710938
9904
0.21595501899719238
10169
0.21602916717529297
10433
0.2166910171508789
10698
0.22136306762695312
10963
0.2238621711730957
11228
0.22546005249023438
11529
0.22692608833312988
11794
0.22699308395385742
12095
0.22861313819885254
12359
0.23198199272155762
12624
0.23483800888061523
12889
0.23624014854431152
13154
0.23773407936096191
13346
0.24213719367980957
13610
0.24571609497070312
13875
0.24713611602783203
14140
0.24855804443359375
14404
0.2578589916229248
14669
0.25943899154663086
14933
0.27019619941711426
15234
0.30098700523376465
15535
0.3261861801147461
15833
0.3747100830078125
16131
0.44187211990356445
0
266
0.213392972946167
531
0.21348881721496582
832
0.2135319709777832
1133
0.2135767936706543
1434
0.2136249542236328
1735
0.2136678695678711
2036
0.2137138843536377
2337
0.21376490592956543
2529
0.2138078212738037
2721
0.21384978294372559
2913
0.21389293670654297
3105
0.21393895149230957
3297
0.21398186683654785
3489
0.21402978897094727
3754
0.21407485008239746
4019
0.21411800384521484
4284
0.21416091918945312
4585
0.21420788764953613
4886
0.21425080299377441
5187
0.21430397033691406
5488
0.21435189247131348
5680
0.21439599990844727
5872
0.2144479751586914
6064
0.21449494361877441
6256
0.21454501152038574
6448
0.21459078788757324
6713
0.21463799476623535
6978
0.21468281745910645
7279
0.21472883224487305
7580
0.21477794647216797
7881
0.21484088897705078
8182
0.2148888111114502
8447
0.21493792533874512
8745
0.2149968147277832
9043
0.2150437831878662
9341
0.21509385108947754
9639
0.2151508331298828
9904
0.21519780158996582
10169
0.21527481079101562
10433
0.21712779998779297
10698
0.22128891944885254
10963
0.22390985488891602
11228
0.2251148223876953
11493
0.22693681716918945
11794
0.22699284553527832
12095
0.22900891304016113
12359
0.2320089340209961
12624
0.23496699333190918
12889
0.23589301109313965
13154
0.23763298988342285
13346
0.24122285842895508
13610
0.24584484100341797
13875
0.2466888427734375
14140
0.24845099449157715
14404
0.2575218677520752
14669
0.25918078422546387
14933
0.26994895935058594
15234
0.30069494247436523
15535
0.32668399810791016
15833
0.37438201904296875
16131
0.44028592109680176
0
193
0.21428799629211426
385
0.21437501907348633
577
0.21442484855651855
769
0.21446895599365234
961
0.21451306343078613
1153
0.21455693244934082
1418
0.2146010398864746
1683
0.21463704109191895
1948
0.21468186378479004
2249
0.21474790573120117
2550
0.21478605270385742
2851
0.2148289680480957
3152
0.21487903594970703
3453
0.21492385864257812
3754
0.2149810791015625
3946
0.21503806114196777
4138
0.21508193016052246
4330
0.21512794494628906
4522
0.21518301963806152
4714
0.2152259349822998
4979
0.21528005599975586
5244
0.21532392501831055
5509
0.21536803245544434
5810
0.21541690826416016
6111
0.21546101570129395
6412
0.21551895141601562
6713
0.21556806564331055
6978
0.21561384201049805
7243
0.21565890312194824
7544
0.21570706367492676
7845
0.21575307846069336
8146
0.21580004692077637
8447
0.2158489227294922
8712
0.2158958911895752
9010
0.2159428596496582
9308
0.21599388122558594
9606
0.21604084968566895
9904
0.2160940170288086
10169
0.21616506576538086
10433
0.21677589416503906
10698
0.22084403038024902
10963
0.22345590591430664
11228
0.22578692436218262
11529
0.22639894485473633
11794
0.22733187675476074
12095
0.22765684127807617
12359
0.23154497146606445
12624
0.23421597480773926
12889
0.23677706718444824
13154
0.23839807510375977
13346
0.24109387397766113
13610
0.24490785598754883
13875
0.247938871383667
14140
0.2493889331817627
14404
0.25902390480041504
14669
0.26027393341064453
14933
0.271198034286499
15234
0.3016049861907959
15535
0.32541584968566895
15833
0.37526488304138184
16131
0.44080090522766113
0
302
0.2197420597076416
494
0.21982908248901367
686
0.21987605094909668
878
0.21992015838623047
1070
0.21996307373046875
1262
0.22000408172607422
1454
0.22005510330200195
1719
0.22009801864624023
1984
0.2201390266418457
2249
0.22018814086914062
2550
0.2202320098876953
2851
0.22027301788330078
3152
0.2203221321105957
3453
0.22036504745483398
3754
0.22040605545043945
3946
0.22045612335205078
4138
0.22049999237060547
4330
0.2205510139465332
4522
0.22059416770935059
4714
0.22063517570495605
4979
0.22068500518798828
5244
0.22072911262512207
5509
0.22077202796936035
5810
0.2208249568939209
6111
0.22087407112121582
6412
0.2209181785583496
6713
0.2209761142730713
6978
0.2210249900817871
7243
0.2210690975189209
7544
0.2211160659790039
7845
0.2211620807647705
8146
0.2212071418762207
8447
0.22125506401062012
8712
0.2213001251220703
9010
0.22134709358215332
9308
0.22139811515808105
9606
0.22144412994384766
9904
0.22149109840393066
10169
0.22156000137329102
10433
0.22226810455322266
10734
0.2249619960784912
10999
0.22694015502929688
11300
0.22758698463439941
11565
0.22959113121032715
11830
0.23111510276794434
12095
0.23275113105773926
12359
0.23757696151733398
12624
0.24030399322509766
12816
0.24051117897033691
13081
0.24200916290283203
13346
0.24373316764831543
13610
0.25100016593933105
13875
0.25291013717651367
14140
0.2546830177307129
14404
0.263638973236084
14669
0.26558995246887207
14933
0.2764561176300049
15234
0.30368900299072266
15535
0.32149505615234375
15833
0.37851500511169434
16131
0.4348299503326416
0
302
0.21859312057495117
494
0.2186751365661621
686
0.21872210502624512
878
0.2187659740447998
1070
0.21880698204040527
1262
0.21884918212890625
1454
0.218886137008667
1719
0.21892714500427246
1984
0.2189769744873047
2249
0.21902203559875488
2550
0.21906709671020508
2851
0.21910810470581055
3152
0.21915411949157715
3453
0.21919608116149902
3754
0.2192389965057373
3946
0.21928119659423828
4138
0.21933317184448242
4330
0.21937918663024902
4522
0.21942710876464844
4714
0.21947002410888672
4979
0.21951603889465332
5244
0.2195601463317871
5509
0.2196030616760254
5810
0.2196509838104248
6111
0.219696044921875
6412
0.2197411060333252
6713
0.2197890281677246
6978
0.2198340892791748
7243
0.2198781967163086
7544
0.219926118850708
7845
0.2199721336364746
8146
0.2200171947479248
8447
0.22006607055664062
8712
0.22011208534240723
9010
0.22015905380249023
9308
0.22021007537841797
9606
0.22025704383850098
9904
0.22030401229858398
10169
0.22038698196411133
10433
0.22196602821350098
10698
0.22532916069030762
10963
0.22769403457641602
11264
0.22916817665100098
11529
0.22977614402770996
11830
0.23096704483032227
12095
0.23139500617980957
12359
0.23599505424499512
12624
0.23851799964904785
12889
0.24057698249816895
13154
0.24221396446228027
13346
0.24244213104248047
13610
0.24926519393920898
13875
0.25132107734680176
14140
0.25305700302124023
14404
0.26206016540527344
14669
0.26370906829833984
14933
0.27447509765625
15234
0.3032231330871582
15535
0.32709407806396484
15833
0.37697696685791016
16131
0.44084906578063965
0
302
0.21609997749328613
494
0.21618390083312988
686
0.21624183654785156
878
0.21629595756530762
1070
0.2163388729095459
1262
0.21638202667236328
1454
0.2164299488067627
1719
0.21647095680236816
1984
0.21651482582092285
2249
0.21657085418701172
2550
0.2166140079498291
2851
0.2166600227355957
3152
0.2167069911956787
3453
0.21674895286560059
3754
0.21680188179016113
3946
0.21684694290161133
4138
0.21689701080322266
4330
0.21694183349609375
4522
0.21698498725891113
4714
0.21703195571899414
4979
0.21707892417907715
5244
0.21712303161621094
5509
0.21716690063476562
5810
0.21721887588500977
6111
0.21727490425109863
6412
0.2173309326171875
6713
0.21737885475158691
6978
0.21742987632751465
7243
0.21747493743896484
7544
0.21752381324768066
7845
0.21757102012634277
8146
0.21761703491210938
8447
0.2176668643951416
8712
0.2177128791809082
9010
0.2177598476409912
9308
0.21781086921691895
9606
0.21785902976989746
9904
0.21790599822998047
10169
0.21797680854797363
10433
0.21947193145751953
10698
0.223707914352417
10999
0.22565484046936035
11264
0.22609901428222656
11529
0.22708487510681152
11830
0.22788500785827637
12095
0.22874903678894043
12359
0.2346348762512207
12624
0.23724603652954102
12889
0.23783397674560547
13154
0.23946380615234375
13346
0.2432398796081543
13610
0.24808788299560547
13875
0.24851584434509277
14140
0.25022387504577637
14404
0.25931501388549805
14669
0.26088380813598633
14933
0.27164793014526367
15234
0.3017728328704834
15535
0.32140588760375977
15833
0.3766520023345947
16131
0.4357118606567383
0
302
0.2138071060180664
494
0.21389198303222656
686
0.21393299102783203
878
0.21397709846496582
1070
0.2140190601348877
1262
0.21406006813049316
1454
0.21410298347473145
1719
0.21414399147033691
1984
0.21418499946594238
2249
0.21422910690307617
2550
0.21427202224731445
2851
0.21431398391723633
3152
0.21435904502868652
3453
0.2144021987915039
3754
0.21444416046142578
3946
0.21448707580566406
4138
0.21452999114990234
4330
0.21457600593566895
4522
0.21461915969848633
4714
0.2146620750427246
4979
0.2147071361541748
5244
0.2147510051727295
5509
0.21479415893554688
5810
0.21484804153442383
6111
0.21489405632019043
6412
0.21494007110595703
6713
0.21499204635620117
6978
0.21503806114196777
7243
0.21508312225341797
7544
0.21513819694519043
7845
0.21518421173095703
8146
0.21523618698120117
8447
0.2152860164642334
8712
0.21534109115600586
9010
0.21538901329040527
9308
0.215440034866333
9606
0.21548914909362793
9904
0.21553611755371094
10169
0.2156071662902832
10433
0.21733617782592773
10698
0.22198820114135742
10963
0.22466206550598145
11228
0.2252061367034912
11529
0.2255849838256836
11830
0.2264699935913086
12095
0.22715306282043457
12359
0.23265814781188965
12624
0.23566913604736328
12889
0.23610210418701172
13154
0.23791813850402832
13346
0.24027514457702637
13610
0.24671411514282227
13875
0.24678421020507812
14140
0.24863100051879883
14404
0.25735902786254883
14669
0.25934600830078125
14933
0.2700631618499756
15234
0.3001401424407959
15535
0.3223421573638916
15833
0.37326812744140625
16131
0.43641114234924316
0
302
0.2143712043762207
494
0.21445608139038086
686
0.21450400352478027
878
0.21454906463623047
1070
0.21459102630615234
1262
0.21463799476623535
1454
0.21468305587768555
1719
0.2147362232208252
1984
0.21477913856506348
2249
0.21483421325683594
2550
0.21488714218139648
2851
0.21492910385131836
3152
0.21497821807861328
3453
0.21502208709716797
3754
0.21506404876708984
3946
0.21511220932006836
4138
0.21515417098999023
4330
0.21520519256591797
4522
0.21524906158447266
4714
0.21529221534729004
4979
0.21534419059753418
5244
0.21538710594177246
5509
0.21543002128601074
5810
0.21547818183898926
6111
0.21553707122802734
6412
0.21558308601379395
6713
0.21563005447387695
6978
0.21567511558532715
7243
0.21572017669677734
7544
0.21576809883117676
7845
0.21581220626831055
8146
0.21585822105407715
8447
0.21590614318847656
8712
0.21595311164855957
9010
0.2160050868988037
9308
0.21605610847473145
9606
0.21610307693481445
9904
0.21615004539489746
10169
0.21622109413146973
10433
0.2188091278076172
10698
0.22174501419067383
10963
0.22349214553833008
11264
0.2254199981689453
11529
0.22558212280273438
11794
0.22700214385986328
12095
0.22865819931030273
12359
0.23255109786987305
12624
0.23429608345031738
12889
0.23647403717041016
13154
0.23770618438720703
13346
0.24388504028320312
13610
0.24517512321472168
13875
0.2472381591796875
14140
0.2483961582183838
14404
0.25812220573425293
14669
0.25899410247802734
14933
0.2696981430053711
15234
0.30367302894592285
15535
0.32074809074401855
15833
0.3783681392669678
16131
0.43364405632019043
0
302
0.21631312370300293
494
0.2164020538330078
686
0.21645402908325195
878
0.21650195121765137
1070
0.21654915809631348
1262
0.21659302711486816
1454
0.21663999557495117
1719
0.2166891098022461
1984
0.2167351245880127
2249
0.2167820930480957
2550
0.21683216094970703
2851
0.21687698364257812
3152
0.21692514419555664
3453
0.21697998046875
3754
0.2170259952545166
3946
0.2170720100402832
4138
0.2171170711517334
4330
0.21717596054077148
4522
0.2172231674194336
4714
0.21727299690246582
4979
0.21732115745544434
5244
0.21736812591552734
5509
0.21741509437561035
5810
0.21746516227722168
6111
0.2175121307373047
6412
0.2175600528717041
6713
0.21761012077331543
6978
0.21765804290771484
7243
0.21770501136779785
7544
0.21775603294372559
7845
0.2178051471710205
8146
0.21785306930541992
8447
0.21790504455566406
8712
0.21795415878295898
9010
0.2180039882659912
9308
0.21805596351623535
9606
0.21810603141784668
9904
0.218156099319458
10169
0.21822810173034668
10433
0.21868610382080078
10698
0.22321105003356934
10999
0.22510409355163574
11264
0.22553205490112305
11565
0.22667312622070312
11830
0.22720098495483398
12095
0.22909998893737793
12359
0.23389697074890137
12624
0.2364041805267334
12889
0.2381420135498047
13154
0.24003100395202637
13346
0.24080896377563477
13610
0.24718618392944336
13875
0.24891996383666992
14140
0.25080299377441406
14404
0.2598130702972412
14669
0.26154613494873047
14933
0.27225208282470703
15234
0.3008761405944824
15535
0.3224670886993408
15833
0.3751640319824219
16131
0.43479299545288086
0
302
0.21367192268371582
494
0.21375584602355957
686
0.21379590034484863
878
0.21383905410766602
1070
0.2138810157775879
1262
0.21392202377319336
1454
0.21396493911743164
1719
0.21400690078735352
1984
0.21404790878295898
2249
0.21409201622009277
2550
0.21413493156433105
2851
0.21417593955993652
3152
0.21422100067138672
3453
0.214263916015625
3754
0.214310884475708
3946
0.2143540382385254
4138
0.2144029140472412
4330
0.21444988250732422
4522
0.2144930362701416
4714
0.2145378589630127
4979
0.2145838737487793
5244
0.21462798118591309
5509
0.2146768569946289
5810
0.21472501754760742
6111
0.21477699279785156
6412
0.21482396125793457
6713
0.21488094329833984
6978
0.21493101119995117
7243
0.21497702598571777
7544
0.2150259017944336
7845
0.21508097648620605
8146
0.21512889862060547
8447
0.2151780128479004
8745
0.2152259349822998
9043
0.2152879238128662
9341
0.21533989906311035
9639
0.2153940200805664
9904
0.2154688835144043
10169
0.21552205085754395
10434
0.22123193740844727
10699
0.22373104095458984
10963
0.22382283210754395
11264
0.22405004501342773
11529
0.22535300254821777
11794
0.22678089141845703
12095
0.22841596603393555
12359
0.2319169044494629
12624
0.23467683792114258
12889
0.23637700080871582
13154
0.23752188682556152
13346
0.24239182472229004
13610
0.2455899715423584
13875
0.2472989559173584
14140
0.24822282791137695
14404
0.2580678462982178
14669
0.2588808536529541
14933
0.269758939743042
15234
0.30301904678344727
15535
0.318789005279541
15833
0.37815189361572266
16131
0.4343428611755371
0
302
0.23096704483032227
603
0.23105788230895996
904
0.2311100959777832
1205
0.2311549186706543
1506
0.23119902610778809
1807
0.23124408721923828
1999
0.23129510879516602
2191
0.2313389778137207
2383
0.2313840389251709
2575
0.23142695426940918
2767
0.23148298263549805
2959
0.23154306411743164
3224
0.23158693313598633
3489
0.2316288948059082
3754
0.23169207572937012
4055
0.23174309730529785
4356
0.23178791999816895
4657
0.23183393478393555
4958
0.23189091682434082
5259
0.2319350242614746
5451
0.2319788932800293
5643
0.23203587532043457
5835
0.2320849895477295
6027
0.23214006423950195
6219
0.23218488693237305
6484
0.23223304748535156
6749
0.23227810859680176
7014
0.23232293128967285
7315
0.23237204551696777
7616
0.23241806030273438
7917
0.23246407508850098
8218
0.2325139045715332
8483
0.2325599193572998
8748
0.2326068878173828
9046
0.23265695571899414
9344
0.23270392417907715
9642
0.23275208473205566
9940
0.2328031063079834
10205
0.2328510284423828
10470
0.23291802406311035
10734
0.23444795608520508
10999
0.23918890953063965
11264
0.24004006385803223
11529
0.24233603477478027
11830
0.24259591102600098
12095
0.243804931640625
12359
0.24990510940551758
12624
0.2506570816040039
12889
0.25339508056640625
13154
0.25478601455688477
13346
0.258220911026001
13610
0.2612309455871582
13875
0.2643709182739258
14140
0.2656550407409668
14404
0.2751469612121582
14669
0.2763969898223877
14933
0.2872169017791748
15234
0.3170599937438965
15535
0.32550787925720215
15833
0.3906559944152832
16131
0.44048094749450684
0
266
0.21408796310424805
531
0.21417593955993652
832
0.21422791481018066
1133
0.2142798900604248
1434
0.214324951171875
1735
0.21438002586364746
2036
0.2144169807434082
2337
0.21445894241333008
2529
0.2145068645477295
2721
0.21455001831054688
2913
0.21459603309631348
3105
0.21464800834655762
3297
0.2146909236907959
3489
0.21474003791809082
3754
0.21478486061096191
4019
0.21483492851257324
4284
0.21487784385681152
4585
0.21492385864257812
4886
0.21497392654418945
5187
0.21501803398132324
5488
0.21506404876708984
5680
0.21510791778564453
5872
0.21516799926757812
6064
0.21521496772766113
6256
0.21525907516479492
6448
0.2153029441833496
6713
0.2153480052947998
6978
0.2153940200805664
7279
0.2154388427734375
7580
0.21550393104553223
7881
0.21555304527282715
8182
0.21559906005859375
8447
0.21564793586730957
8745
0.21569490432739258
9043
0.21574187278747559
9341
0.21579504013061523
9639
0.21584391593933105
9904
0.21589088439941406
10169
0.21596097946166992
10433
0.21768999099731445
10698
0.22199201583862305
10963
0.22285890579223633
11264
0.22381997108459473
11529
0.22519993782043457
11830
0.22753190994262695
12094
0.23251891136169434
12359
0.23351407051086426
12624
0.23358893394470215
12889
0.23611688613891602
13081
0.24153494834899902
13345
0.24418306350708008
13610
0.24695992469787598
13875
0.2539680004119873
14139
0.25775885581970215
14404
0.273939847946167
14669
0.2940640449523926
14970
0.29730796813964844
15234
0.3138918876647949
15535
0.32397890090942383
15833
0.37070798873901367
16131
0.43644094467163086
0
266
0.21324896812438965
531
0.2133338451385498
832
0.21338295936584473
1133
0.2134249210357666
1434
0.21346783638000488
1735
0.21351194381713867
2036
0.21355390548706055
2337
0.21359491348266602
2529
0.2136399745941162
2721
0.21368098258972168
2913
0.21372389793395996
3105
0.21376705169677734
3297
0.2138078212738037
3489
0.21384882926940918
3754
0.21389293670654297
4019
0.21393489837646484
4284
0.21397686004638672
4585
0.21402382850646973
4886
0.21407794952392578
5187
0.21412301063537598
5488
0.21416902542114258
5680
0.21421289443969727
5872
0.21425604820251465
6064
0.21430182456970215
6256
0.21434593200683594
6448
0.21439790725708008
6713
0.21444487571716309
6978
0.21449804306030273
7279
0.21454381942749023
7580
0.21459197998046875
7881
0.21464300155639648
8182
0.2146899700164795
8447
0.2147378921508789
8745
0.21479201316833496
9043
0.21483898162841797
9341
0.21489500999450684
9639
0.21494293212890625
9904
0.21498990058898926
10169
0.21506500244140625
10433
0.21708989143371582
10698
0.22083687782287598
10963
0.222808837890625
11228
0.22488093376159668
11529
0.2255690097808838
11794
0.2268369197845459
12095
0.22768783569335938
12359
0.23129892349243164
12624
0.23347687721252441
12889
0.23553991317749023
13081
0.23750996589660645
13346
0.237684965133667
13610
0.2440488338470459
13875
0.24625182151794434
14140
0.24852490425109863
14404
0.2570078372955322
14669
0.25943994522094727
14933
0.2702958583831787
15234
0.29950785636901855
15535
0.323807954788208
15833
0.3726379871368408
16131
0.43908095359802246
0
266
0.21349000930786133
531
0.21357989311218262
832
0.21362996101379395
1133
0.21368002891540527
1434
0.21372389793395996
1735
0.21377110481262207
2036
0.21381497383117676
2337
0.21386504173278809
2529
0.21390700340270996
2721
0.21394991874694824
2913
0.21399211883544922
3105
0.2140369415283203
3297
0.2140810489654541
3489
0.21412301063537598
3754
0.21416711807250977
4019
0.21420907974243164
4284
0.21425604820251465
4585
0.21430206298828125
4886
0.21434593200683594
5187
0.2143878936767578
5488
0.214432954788208
5680
0.2144761085510254
5872
0.21452689170837402
6064
0.21457290649414062
6256
0.21461701393127441
6448
0.2146749496459961
6713
0.2147219181060791
6978
0.21477293968200684
7279
0.21481800079345703
7580
0.21486592292785645
7881
0.2149190902709961
8182
0.2149660587310791
8447
0.2150270938873291
8745
0.2150731086730957
9043
0.21513009071350098
9341
0.2151811122894287
9639
0.21522808074951172
9904
0.21528196334838867
10169
0.21535301208496094
10433
0.2171950340270996
10698
0.22162199020385742
10963
0.22336411476135254
11228
0.22498512268066406
11529
0.22514104843139648
11794
0.22737503051757812
12095
0.2279679775238037
12359
0.2326359748840332
12624
0.23407506942749023
12889
0.23582196235656738
13154
0.23838591575622559
13346
0.23851895332336426
13610
0.24480104446411133
13875
0.24648594856262207
14140
0.24919891357421875
14404
0.25714898109436035
14669
0.2602510452270508
14933
0.27101993560791016
15234
0.30342698097229004
15535
0.3211960792541504
15833
0.3788280487060547
16131
0.43365001678466797
0
266
0.21526002883911133
531
0.2153470516204834
832
0.21540117263793945
1133
0.21544504165649414
1434
0.2154860496520996
1735
0.21552610397338867
2036
0.21556806564331055
2337
0.2156071662902832
2529
0.21565914154052734
2721
0.21570420265197754
2913
0.21574902534484863
3105
0.21579313278198242
3297
0.21585297584533691
3489
0.21590399742126465
3754
0.21594619750976562
4019
0.21598601341247559
4284
0.21602606773376465
4585
0.2160780429840088
4886
0.21611905097961426
5187
0.21616816520690918
5488
0.21621417999267578
5680
0.21625709533691406
5872
0.21630311012268066
6064
0.21635818481445312
6256
0.2164011001586914
6448
0.21644997596740723
6713
0.21649503707885742
6978
0.2165381908416748
7279
0.21658110618591309
7580
0.21662616729736328
7881
0.21667003631591797
8182
0.21671199798583984
8447
0.21675801277160645
8745
0.21680212020874023
9043
0.21684598922729492
9341
0.21689414978027344
9639
0.21693897247314453
9904
0.21698307991027832
10169
0.21705007553100586
10433
0.21943306922912598
10698
0.2221829891204834
10963
0.22430014610290527
11264
0.22440814971923828
11565
0.22594404220581055
11830
0.22638916969299316
12095
0.22809314727783203
12359
0.23273110389709473
12624
0.23507905006408691
12889
0.23731303215026855
13154
0.23878717422485352
13346
0.23888516426086426
13610
0.24579620361328125
13875
0.24841904640197754
14140
0.24956607818603516
14404
0.2596721649169922
14669
0.26024413108825684
14933
0.27090001106262207
15234
0.30002903938293457
15535
0.3208961486816406
15833
0.3742799758911133
16131
0.4337131977081299
0
266
0.22079801559448242
531
0.220872163772583
832
0.22090911865234375
1133
0.22095108032226562
1434
0.2209939956665039
1735
0.22103500366210938
2036
0.22108101844787598
2337
0.22112512588500977
2529
0.22116899490356445
2721
0.22121000289916992
2913
0.22124910354614258
3105
0.22129201889038086
3297
0.22133207321166992
3489
0.22137212753295898
3754
0.2214200496673584
4019
0.2214641571044922
4284
0.22150516510009766
4585
0.22154903411865234
4886
0.22159504890441895
5187
0.22163701057434082
5488
0.22168207168579102
5680
0.22172904014587402
5872
0.2217710018157959
6064
0.22181415557861328
6256
0.2218620777130127
6448
0.22190499305725098
6713
0.2219541072845459
6978
0.2219982147216797
7279
0.22204113006591797
7580
0.22208714485168457
7881
0.22213006019592285
8182
0.22217321395874023
8447
0.22222518920898438
8745
0.22226905822753906
9043
0.22231316566467285
9341
0.22236108779907227
9639
0.22240519523620605
9904
0.22245001792907715
10169
0.2225170135498047
10433
0.22376704216003418
10734
0.22687721252441406
10999
0.22785401344299316
11264
0.22975707054138184
11529
0.2318730354309082
11830
0.23280620574951172
12095
0.23356914520263672
12359
0.23868012428283691
12624
0.24044418334960938
12889
0.24265599250793457
13154
0.24443507194519043
13346
0.24570798873901367
13610
0.25113415718078613
13875
0.2533531188964844
14140
0.2551751136779785
14404
0.26418209075927734
14669
0.2658040523529053
14933
0.2765970230102539
15234
0.3076770305633545
15535
0.32192111015319824
15833
0.3813440799713135
16131
0.4369339942932129
0
266
0.22055983543395996
531
0.22063994407653809
832
0.2206878662109375
1133
0.22073078155517578
1434
0.22077488899230957
1735
0.22081685066223145
2036
0.22084879875183105
2337
0.2208878993988037
2529
0.22092890739440918
2721
0.22096896171569824
2913
0.2210087776184082
3105
0.221052885055542
3297
0.22109389305114746
3489
0.22113299369812012
3754
0.221174955368042
4019
0.22121477127075195
4284
0.22125577926635742
4585
0.2212998867034912
4886
0.22133398056030273
5187
0.2213737964630127
5488
0.2214188575744629
5680
0.22145986557006836
5872
0.22150182723999023
6064
0.22154593467712402
6256
0.2215878963470459
6448
0.22162985801696777
6713
0.22167491912841797
6978
0.22171688079833984
7279
0.22176098823547363
7580
0.22181296348571777
7881
0.22185683250427246
8182
0.22189998626708984
8447
0.22194600105285645
8745
0.22198987007141113
9043
0.22203397750854492
9341
0.22208786010742188
9639
0.22213482856750488
9904
0.22218799591064453
10169
0.22225689888000488
10433
0.22395896911621094
10698
0.2291109561920166
10999
0.22920680046081543
11264
0.23064589500427246
11529
0.23227286338806152
11830
0.2336258888244629
12095
0.23426294326782227
12359
0.24011588096618652
12624
0.24140691757202148
12889
0.243088960647583
13154
0.2453019618988037
13346
0.2475128173828125
13610
0.2522909641265869
13875
0.2539088726043701
14140
0.25615477561950684
14404
0.2647228240966797
14669
0.26698899269104004
14933
0.27785778045654297
15234
0.3079798221588135
15535
0.32590389251708984
15833
0.3819708824157715
16131
0.4396817684173584
0
266
0.21340489387512207
531
0.21348786354064941
832
0.21354389190673828
1133
0.21358299255371094
1434
0.2136240005493164
1735
0.21366405487060547
2036
0.21370601654052734
2337
0.2137470245361328
2529
0.21378803253173828
2721
0.21382784843444824
2913
0.2138679027557373
3105
0.2139110565185547
3297
0.21394991874694824
3489
0.2139890193939209
3754
0.21403193473815918
4019
0.21407794952392578
4284
0.2141249179840088
4585
0.21416997909545898
4886
0.21421003341674805
5187
0.214249849319458
5488
0.2142939567565918
5680
0.2143399715423584
5872
0.21438097953796387
6064
0.21442890167236328
6256
0.21447205543518066
6448
0.21451497077941895
6713
0.21456599235534668
6978
0.21460795402526855
7279
0.21465086936950684
7580
0.21470284461975098
7881
0.21474599838256836
8182
0.21479296684265137
8447
0.2148439884185791
8745
0.2148878574371338
9043
0.21493196487426758
9341
0.21498394012451172
9639
0.2150280475616455
9904
0.2151038646697998
10169
0.21517086029052734
10433
0.21691489219665527
10698
0.2204439640045166
10999
0.22255492210388184
11264
0.22318696975708008
11529
0.22486305236816406
11794
0.22762084007263184
12058
0.2309110164642334
12359
0.23097705841064453
12624
0.23398900032043457
12889
0.23557400703430176
13154
0.2388138771057129
13346
0.2418808937072754
13610
0.24480199813842773
13875
0.24640893936157227
14140
0.2499539852142334
14404
0.25725698471069336
14669
0.2610640525817871
14933
0.27213501930236816
15234
0.3064579963684082
15535
0.31810593605041504
15833
0.3812730312347412
16131
0.43065690994262695
0
193
0.2163100242614746
385
0.21637821197509766
577
0.21642398834228516
769
0.21646499633789062
961
0.2165060043334961
1153
0.21654605865478516
1418
0.21658706665039062
1683
0.21662616729736328
1948
0.21666598320007324
2249
0.2167069911956787
2550
0.21674704551696777
2851
0.21678709983825684
3152
0.2168440818786621
3453
0.2168869972229004
3754
0.21692705154418945
3946
0.21697998046875
4138
0.21703004837036133
4330
0.21707916259765625
4522
0.21712303161621094
4714
0.21716809272766113
4979
0.21721911430358887
5244
0.21726417541503906
5509
0.21730804443359375
5810
0.21736407279968262
6111
0.2174091339111328
6412
0.21745514869689941
6713
0.2175140380859375
6978
0.2175600528717041
7243
0.21761298179626465
7544
0.21766114234924316
7845
0.21770715713500977
8146
0.2177591323852539
8447
0.21781420707702637
8712
0.21786808967590332
9010
0.21791601181030273
9308
0.21796607971191406
9606
0.21802401542663574
9904
0.21807098388671875
10169
0.21814203262329102
10433
0.2193760871887207
10698
0.2232520580291748
10963
0.22619414329528809
11264
0.22778701782226562
11529
0.22825908660888672
11794
0.2297520637512207
12058
0.23381900787353516
12323
0.2371540069580078
12624
0.23749709129333496
12889
0.23898005485534668
13154
0.24071002006530762
13346
0.24283599853515625
13610
0.2480180263519287
13875
0.24965119361877441
14140
0.2517271041870117
14404
0.26026105880737305
14669
0.26256513595581055
14933
0.2735631465911865
15234
0.3021390438079834
15535
0.3371469974517822
15833
0.37651705741882324
16131
0.4611661434173584
0
302
0.21412301063537598
494
0.21419882774353027
686
0.21424484252929688
878
0.2142958641052246
1070
0.21433687210083008
1262
0.21438002586364746
1454
0.21441984176635742
1719
0.21445989608764648
1984
0.21450281143188477
2249
0.2145528793334961
2550
0.21459388732910156
2851
0.21463704109191895
3152
0.2146768569946289
3453
0.21471786499023438
3754
0.21476101875305176
3946
0.21480202674865723
4138
0.21484684944152832
4330
0.2148909568786621
4522
0.2149338722229004
4714
0.21497488021850586
4979
0.21501898765563965
5244
0.21506094932556152
5509
0.21510696411132812
5810
0.21515297889709473
6111
0.215195894241333
6412
0.2152388095855713
6713
0.2152848243713379
6978
0.21532893180847168
7243
0.21537184715270996
7544
0.21541786193847656
7845
0.21546196937561035
8146
0.21550583839416504
8447
0.21555280685424805
8712
0.21559786796569824
9010
0.21564292907714844
9308
0.21569490432739258
9606
0.21574091911315918
9904
0.21578693389892578
10169
0.21585583686828613
10433
0.21674680709838867
10698
0.22063302993774414
10963
0.2236638069152832
11264
0.22399687767028809
11529
0.22510004043579102
11830
0.22626590728759766
12095
0.22705292701721191
12359
0.23111891746520996
12624
0.23454594612121582
12889
0.23589587211608887
13154
0.23807096481323242
13346
0.2417440414428711
13610
0.24537181854248047
13875
0.2467198371887207
14140
0.24892687797546387
14404
0.257490873336792
14669
0.25974392890930176
14933
0.2706120014190674
15234
0.3026719093322754
15535
0.32132387161254883
15833
0.3765099048614502
16131
0.4340338706970215
0
302
0.21346712112426758
494
0.21354222297668457
686
0.21358799934387207
878
0.21362900733947754
1070
0.2136690616607666
1262
0.21371006965637207
1454
0.21374917030334473
1719
0.21378803253173828
1984
0.2138350009918213
2249
0.21387505531311035
2550
0.21391510963439941
2851
0.2139580249786377
3152
0.21399712562561035
3453
0.21403717994689941
3754
0.2140791416168213
3946
0.21412110328674316
4138
0.21416115760803223
4330
0.2142031192779541
4522
0.21424412727355957
4714
0.21428418159484863
4979
0.21432709693908691
5244
0.21436810493469238
5509
0.21440911293029785
5810
0.21446800231933594
6111
0.21451115608215332
6412
0.2145540714263916
6713
0.2146010398864746
6978
0.2146451473236084
7279
0.21468806266784668
7580
0.21473407745361328
7881
0.21477818489074707
8182
0.21482205390930176
8480
0.21486902236938477
8778
0.21491312980651855
9076
0.21495699882507324
9374
0.21500515937805176
9639
0.21507000923156738
9904
0.21514201164245605
10169
0.22157907485961914
10434
0.22349905967712402
10735
0.22512316703796387
11000
0.22574210166931152
11265
0.2271111011505127
11566
0.2292799949645996
11831
0.2318401336669922
12095
0.2322521209716797
12360
0.23433804512023926
12625
0.23655104637145996
12890
0.23807716369628906
13082
0.23869800567626953
13346
0.24509501457214355
13611
0.2473142147064209
13875
0.24831509590148926
14140
0.24907612800598145
14404
0.25826311111450195
14669
0.259998083114624
14933
0.27108120918273926
15234
0.3042721748352051
15535
0.3221921920776367
15833
0.37809205055236816
16131
0.4361882209777832
0
302
0.21491503715515137
494
0.21499395370483398
686
0.2150411605834961
878
0.21508097648620605
1070
0.21512198448181152
1262
0.215162992477417
1454
0.21520709991455078
1719
0.21524810791015625
1984
0.21529006958007812
2249
0.2153301239013672
2550
0.21536898612976074
2851
0.21542596817016602
3152
0.21546602249145508
3453
0.21551299095153809
3754
0.21555709838867188
3946
0.21559715270996094
4138
0.2156381607055664
4330
0.2156810760498047
4522
0.21572208404541016
4714
0.21576309204101562
4979
0.2158060073852539
5244
0.21584701538085938
5509
0.21588802337646484
5810
0.21593308448791504
6111
0.2159740924835205
6412
0.2160170078277588
6713
0.21606206893920898
6978
0.21610593795776367
7243
0.21614813804626465
7544
0.21619415283203125
7845
0.21623706817626953
8146
0.21628093719482422
8447
0.21632695198059082
8712
0.2163710594177246
9010
0.2164151668548584
9308
0.2164621353149414
9606
0.2165069580078125
9904
0.2165520191192627
10169
0.21662211418151855
10433
0.21840906143188477
10698
0.22268414497375488
10963
0.22437000274658203
11264
0.22538399696350098
11529
0.22570013999938965
11794
0.22769999504089355
12095
0.2289881706237793
12359
0.2333669662475586
12624
0.23525595664978027
12889
0.2364039421081543
13154
0.23842906951904297
13346
0.24057412147521973
13610
0.2460949420928955
13875
0.24696707725524902
14140
0.24918699264526367
14404
0.2576439380645752
14669
0.2599480152130127
14933
0.27068209648132324
15234
0.3034510612487793
15535
0.32019996643066406
15833
0.3790590763092041
16131
0.43393707275390625
0
302
0.21929502487182617
494
0.21937799453735352
686
0.21941685676574707
878
0.21945881843566895
1070
0.219498872756958
1262
0.21953797340393066
1454
0.21957898139953613
1719
0.2196187973022461
1984
0.21965789794921875
2249
0.21970081329345703
2550
0.2197408676147461
2851
0.21978092193603516
3152
0.21982502937316895
3453
0.2198648452758789
3754
0.21990489959716797
3946
0.21994590759277344
4138
0.2199869155883789
4330
0.2200310230255127
4522
0.22007179260253906
4714
0.22011399269104004
4979
0.22015690803527832
5244
0.2201988697052002
5509
0.22023987770080566
5810
0.22028684616088867
6111
0.22032880783081055
6412
0.22037696838378906
6713
0.22042489051818848
6978
0.22046780586242676
7243
0.22051191329956055
7544
0.22055888175964355
7845
0.22060298919677734
8146
0.22064685821533203
8447
0.22069382667541504
8712
0.22073793411254883
9010
0.22078299522399902
9308
0.22082996368408203
9606
0.22087597846984863
9904
0.22092199325561523
10169
0.22098994255065918
10433
0.22239899635314941
10698
0.22631287574768066
10999
0.22879695892333984
11264
0.22922492027282715
11529
0.2304677963256836
11794
0.2321009635925293
12058
0.23747682571411133
12359
0.23752880096435547
12624
0.24042987823486328
12889
0.24146795272827148
13154
0.24300694465637207
13346
0.24474692344665527
13610
0.25150394439697266
13875
0.2522318363189697
14140
0.2538108825683594
14404
0.2630729675292969
14669
0.2646009922027588
14933
0.2754030227661133
15234
0.3108479976654053
15535
0.32306599617004395
15833
0.3854188919067383
16131
0.43602490425109863
0
193
0.21726298332214355
385
0.21734285354614258
577
0.21738886833190918
769
0.21742987632751465
961
0.2174699306488037
1153
0.21751093864440918
1418
0.21756291389465332
1683
0.217606782913208
1948
0.21764588356018066
2249
0.21768879890441895
2550
0.217728853225708
2851
0.21776890754699707
3152
0.21781301498413086
3453
0.21785283088684082
3754
0.21789288520812988
3946
0.21793484687805176
4138
0.21798992156982422
4330
0.21803593635559082
4522
0.2180769443511963
4714
0.21811795234680176
4979
0.21816086769104004
5244
0.21820282936096191
5509
0.21824383735656738
5810
0.21828985214233398
6111
0.2183399200439453
6412
0.2183828353881836
6713
0.2184278964996338
6978
0.21847081184387207
7243
0.21851396560668945
7544
0.2185649871826172
7845
0.21860980987548828
8146
0.21865296363830566
8447
0.21869897842407227
8712
0.21874284744262695
9010
0.21879196166992188
9308
0.2188398838043213
9606
0.21888494491577148
9904
0.2189338207244873
10169
0.21900582313537598
10433
0.2204749584197998
10698
0.22484183311462402
10963
0.22745180130004883
11264
0.22873282432556152
11529
0.22889995574951172
11830
0.23078179359436035
12095
0.23111486434936523
12359
0.23561596870422363
12624
0.23842787742614746
12889
0.23982882499694824
13154
0.24213290214538574
13346
0.24532389640808105
13610
0.24936294555664062
13875
0.25055789947509766
14140
0.2533559799194336
14404
0.26131701469421387
14669
0.2644188404083252
14933
0.275162935256958
15234
0.30501294136047363
15535
0.3253638744354248
15833
0.3788638114929199
16131
0.44182586669921875
0
302
0.22305083274841309
494
0.22313499450683594
686
0.22318196296691895
878
0.22322297096252441
1070
0.22326302528381348
1262
0.22330284118652344
1454
0.2233419418334961
1719
0.22338080406188965
1984
0.22342181205749512
2249
0.22346091270446777
2550
0.22350001335144043
2851
0.2235419750213623
3152
0.22358083724975586
3453
0.22362184524536133
3754
0.2236628532409668
3946
0.22370290756225586
4138
0.22374296188354492
4330
0.2237839698791504
4522
0.22382497787475586
4714
0.22386384010314941
4979
0.2239058017730713
5244
0.22394585609436035
5545
0.22398686408996582
5846
0.22403597831726074
6147
0.22407793998718262
6448
0.2241208553314209
6713
0.2241659164428711
7014
0.22421002388000488
7315
0.22425198554992676
7616
0.22429680824279785
7917
0.22433996200561523
8182
0.22438383102416992
8480
0.22442984580993652
8778
0.2244729995727539
9076
0.224517822265625
9374
0.22456598281860352
9639
0.22464394569396973
9903
0.22562193870544434
10168
0.22604799270629883
10433
0.23222994804382324
10734
0.23294281959533691
10999
0.23434996604919434
11300
0.23534488677978516
11565
0.23596596717834473
11830
0.24304890632629395
12095
0.24534201622009277
12360
0.2462458610534668
12625
0.24682998657226562
12817
0.24734187126159668
13081
0.25377893447875977
13346
0.2562599182128906
13611
0.2576298713684082
13876
0.26639890670776367
14140
0.2669689655303955
14405
0.26857900619506836
14669
0.27938389778137207
14933
0.28634190559387207
15234
0.31151795387268066
15535
0.3288559913635254
15833
0.38341784477233887
16131
0.44249892234802246
0
302
0.22541308403015137
494
0.22549009323120117
686
0.22553706169128418
878
0.22557806968688965
1070
0.22561907768249512
1262
0.22565913200378418
1454
0.22570300102233887
1719
0.22574210166931152
1984
0.2257840633392334
2249
0.22582411766052246
2550
0.22586417198181152
2851
0.2259061336517334
3152
0.22594594955444336
3453
0.22598600387573242
3754
0.2260291576385498
3946
0.22606897354125977
4138
0.22610998153686523
4330
0.2261519432067871
4522
0.22619414329528809
4714
0.22623515129089355
4979
0.22627902030944824
5244
0.2263200283050537
5509
0.22636198997497559
5810
0.22641611099243164
6111
0.22645902633666992
6412
0.2265019416809082
6713
0.2265470027923584
6978
0.22660398483276367
7243
0.22664904594421387
7544
0.22669601440429688
7845
0.22674798965454102
8146
0.2267930507659912
8447
0.2268390655517578
8712
0.2268831729888916
9010
0.22692203521728516
9308
0.22697114944458008
9606
0.22702598571777344
9904
0.22707009315490723
10169
0.22713708877563477
10470
0.22800397872924805
10734
0.2290949821472168
10999
0.23470401763916016
11264
0.23598003387451172
11529
0.2371830940246582
11830
0.23763012886047363
12095
0.23897504806518555
12359
0.24538516998291016
12624
0.24701809883117676
12889
0.24788212776184082
13154
0.24982213973999023
13346
0.2515590190887451
13610
0.2581291198730469
13875
0.2586700916290283
14140
0.2606620788574219
14404
0.26964902877807617
14669
0.2714381217956543
14933
0.28216004371643066
15234
0.3127410411834717
15535
0.32663917541503906
15833
0.3867981433868408
16131
0.4425179958343506
0
302
0.3669090270996094
494
0.36699509620666504
686
0.36704206466674805
878
0.36708998680114746
1070
0.3671290874481201
1262
0.36716794967651367
1454
0.36720800399780273
1719
0.367246150970459
1984
0.36728596687316895
2249
0.367326021194458
2550
0.36736607551574707
2851
0.36740612983703613
3152
0.367448091506958
3453
0.36748814582824707
3754
0.3675270080566406
3946
0.3675661087036133
4138
0.3676130771636963
4330
0.367656946182251
4522
0.36769700050354004
4714
0.3677380084991455
4979
0.3677799701690674
5244
0.36782002449035645
5509
0.3678610324859619
5810
0.36791300773620605
6111
0.36795496940612793
6412
0.36800503730773926
6713
0.36805200576782227
7014
0.36809515953063965
7279
0.3681371212005615
7544
0.3681819438934326
7845
0.3682241439819336
8146
0.3682680130004883
8447
0.3683140277862549
8748
0.36835813522338867
9049
0.36840105056762695
9314
0.3684520721435547
9612
0.3684971332550049
9910
0.36854100227355957
10208
0.3685891628265381
10506
0.36864709854125977
10771
0.3687131404876709
11035
0.3695409297943115
11300
0.37410998344421387
11565
0.37644410133361816
11830
0.37814807891845703
12095
0.3796560764312744
12396
0.3817579746246338
12660
0.38474202156066895
12925
0.3872380256652832
13190
0.3890211582183838
13455
0.3906419277191162
13647
0.39496612548828125
13911
0.39825916290283203
14176
0.3999171257019043
14441
0.4014739990234375
14705
0.41075611114501953
14970
0.41230010986328125
15234
0.4231090545654297
15532
0.4359860420227051
15833
0.4560511112213135
16131
0.5308990478515625
0
302
0.25246286392211914
494
0.2525448799133301
686
0.2525930404663086
878
0.2526378631591797
1070
0.25267887115478516
1262
0.25272107124328613
1454
0.2527620792388916
1719
0.25280308723449707
1984
0.25284409523010254
2249
0.2528870105743408
2550
0.2529280185699463
2851
0.25296998023986816
3152
0.25301408767700195
3453
0.25305604934692383
3754
0.2530980110168457
3946
0.253140926361084
4138
0.2531890869140625
4330
0.2532360553741455
4522
0.2532789707183838
4714
0.25331997871398926
4979
0.25336408615112305
5244
0.25340700149536133
5509
0.25345492362976074
5810
0.25349998474121094
6111
0.2535429000854492
6412
0.2535879611968994
6713
0.253633975982666
7014
0.2536780834197998
7279
0.2537229061126709
7544
0.2537698745727539
7845
0.2538149356842041
8146
0.2538609504699707
8447
0.2539088726043701
8748
0.2539548873901367
9013
0.2540009021759033
9311
0.25404906272888184
9609
0.25409603118896484
9907
0.25414299964904785
10205
0.25420689582824707
10470
0.25427699089050293
10734
0.25522494316101074
10999
0.25977492332458496
11264
0.26229405403137207
11529
0.26372408866882324
11794
0.26520490646362305
12095
0.2667100429534912
12359
0.27066993713378906
12624
0.273482084274292
12889
0.2747209072113037
13154
0.27585697174072266
13346
0.2764890193939209
13610
0.2845320701599121
13875
0.2856450080871582
14140
0.2865719795227051
14404
0.296475887298584
14669
0.2971630096435547
14933
0.3078420162200928
15234
0.3210129737854004
15535
0.34348201751708984
15833
0.419996976852417
16131
0.4352869987487793
0
302
0.21486282348632812
494
0.21494197845458984
686
0.21498799324035645
878
0.21503376960754395
1070
0.21507883071899414
1262
0.21512293815612793
1454
0.21516680717468262
1719
0.2152099609375
1984
0.21525287628173828
2249
0.21531391143798828
2550
0.21535897254943848
2851
0.21540188789367676
3152
0.21544694900512695
3453
0.21548986434936523
3754
0.21553897857666016
3946
0.21558189392089844
4138
0.21563482284545898
4330
0.21568799018859863
4522
0.21573185920715332
4714
0.2157747745513916
4979
0.2158207893371582
5244
0.21586394309997559
5509
0.21590781211853027
5810
0.21595478057861328
6111
0.21599984169006348
6412
0.21604585647583008
6713
0.2160937786102295
6978
0.2161397933959961
7243
0.21618986129760742
7544
0.21623897552490234
7845
0.21628499031066895
8146
0.21633076667785645
8447
0.21637892723083496
8712
0.21642494201660156
9010
0.21647191047668457
9308
0.2165219783782959
9606
0.2165689468383789
9904
0.21662187576293945
10169
0.2166907787322998
10433
0.2190389633178711
10698
0.2230548858642578
10963
0.22493290901184082
11264
0.22662782669067383
11529
0.2268528938293457
11830
0.2275378704071045
12095
0.2281949520111084
12359
0.2338259220123291
12624
0.23589181900024414
12889
0.23783183097839355
13154
0.23898792266845703
13346
0.23906898498535156
13610
0.2467038631439209
13875
0.2488079071044922
14140
0.24969887733459473
14404
0.25962281227111816
14669
0.26041698455810547
14933
0.271014928817749
15234
0.3021068572998047
15535
0.32278895378112793
15833
0.375377893447876
16131
0.43776893615722656
0
302
0.2156219482421875
494
0.2156989574432373
686
0.2157449722290039
878
0.21578502655029297
1070
0.21582508087158203
1262
0.2158660888671875
1454
0.21590495109558105
1719
0.2159440517425537
1984
0.21598505973815918
2249
0.21602392196655273
2550
0.2160639762878418
2851
0.21611499786376953
3152
0.216156005859375
3453
0.21619606018066406
3754
0.21623897552490234
3946
0.2162799835205078
4138
0.21632003784179688
4330
0.21636199951171875
4522
0.21640300750732422
4714
0.21644306182861328
4979
0.21648597717285156
5244
0.21653199195861816
5509
0.21657395362854004
5810
0.21661996841430664
6111
0.21666598320007324
6412
0.21670794486999512
6713
0.21675395965576172
6978
0.216796875
7243
0.21683907508850098
7544
0.21688508987426758
7845
0.21692800521850586
8146
0.21697092056274414
8447
0.21701693534851074
8712
0.21706008911132812
9010
0.2171039581298828
9308
0.21715092658996582
9606
0.21719598770141602
9904
0.2172400951385498
10169
0.21730494499206543
10433
0.21908187866210938
10698
0.22333097457885742
10999
0.22454094886779785
11264
0.22528505325317383
11529
0.22704005241394043
11830
0.22761106491088867
12095
0.22831106185913086
12359
0.2342209815979004
12624
0.236191987991333
12889
0.23806405067443848
13154
0.23897695541381836
13346
0.23961591720581055
13610
0.2472059726715088
13875
0.24892306327819824
14140
0.2496950626373291
14404
0.259692907333374
14669
0.2603750228881836
14933
0.27108097076416016
15234
0.30170607566833496
15535
0.31981396675109863
15833
0.37543296813964844
16131
0.4331400394439697
0
302
0.213364839553833
494
0.21344590187072754
686
0.21350598335266113
878
0.21355104446411133
1070
0.2135908603668213
1262
0.21363091468811035
1454
0.21367096900939941
1719
0.21371006965637207
1984
0.21374893188476562
2249
0.2137908935546875
2550
0.21383094787597656
2851
0.21387004852294922
3152
0.2139129638671875
3453
0.21395206451416016
3754
0.21399188041687012
3946
0.21403193473815918
4138
0.21407198905944824
4330
0.21411585807800293
4522
0.21416187286376953
4714
0.2142019271850586
4979
0.21424484252929688
5244
0.21428585052490234
5509
0.21432805061340332
5810
0.21437406539916992
6111
0.2144160270690918
6412
0.21445798873901367
6713
0.21451187133789062
6978
0.21456599235534668
7243
0.21460795402526855
7544
0.21465396881103516
7845
0.21469688415527344
8146
0.21474504470825195
8447
0.21479105949401855
8712
0.21483492851257324
9010
0.21487903594970703
9308
0.21493196487426758
9606
0.21497702598571777
9904
0.21502089500427246
10169
0.2150869369506836
10433
0.21652889251708984
10698
0.22069597244262695
10963
0.22333788871765137
11264
0.2248990535736084
11529
0.22528791427612305
11830
0.2267000675201416
12095
0.2269299030303955
12359
0.23134088516235352
12624
0.23424696922302246
12889
0.23626184463500977
13154
0.23808884620666504
13346
0.2402949333190918
13610
0.24519896507263184
13875
0.24715495109558105
14140
0.24899792671203613
14404
0.2579219341278076
14669
0.25988006591796875
14933
0.2707028388977051
15234
0.30071187019348145
15535
0.3217580318450928
15833
0.3752479553222656
16131
0.4350600242614746
0
302
0.21477198600769043
494
0.2148439884185791
686
0.2149031162261963
878
0.21494603157043457
1070
0.21498799324035645
1262
0.21502900123596191
1454
0.21506810188293457
1719
0.21510791778564453
1984
0.21514892578125
2249
0.21518802642822266
2550
0.21523308753967285
2851
0.21527600288391113
3152
0.2153151035308838
3453
0.21535396575927734
3754
0.21539592742919922
3946
0.21543598175048828
4138
0.21547603607177734
4330
0.21552705764770508
4522
0.21556901931762695
4714
0.21561098098754883
4979
0.2156541347503662
5244
0.21570491790771484
5509
0.2157449722290039
5810
0.21579408645629883
6111
0.2158350944519043
6412
0.21587705612182617
6713
0.21592211723327637
6978
0.21596503257751465
7243
0.21600699424743652
7544
0.2160511016845703
7845
0.21609807014465332
8146
0.2161400318145752
8447
0.2161860466003418
8712
0.21622896194458008
9010
0.21627306938171387
9308
0.21632003784179688
9606
0.21636414527893066
9904
0.21640801429748535
10169
0.21647405624389648
10433
0.21770191192626953
10698
0.22254395484924316
10999
0.22444891929626465
11264
0.2245171070098877
11529
0.22602295875549316
11794
0.22758197784423828
12095
0.2302849292755127
12359
0.23319506645202637
12624
0.23559093475341797
12889
0.23678112030029297
13154
0.2385411262512207
13346
0.2418370246887207
13610
0.24641013145446777
13875
0.24748611450195312
14140
0.24938297271728516
14404
0.2581899166107178
14669
0.2601771354675293
14933
0.27094101905822754
15234
0.3053629398345947
15535
0.31947803497314453
15833
0.37918806076049805
16131
0.4340250492095947
0
302
0.2163989543914795
494
0.21647095680236816
686
0.21651697158813477
878
0.21655893325805664
1070
0.21660995483398438
1262
0.21664881706237793
1454
0.2166898250579834
1719
0.21672892570495605
1984
0.21676898002624512
2249
0.21680998802185059
2550
0.21685099601745605
2851
0.2168898582458496
3152
0.216933012008667
3453
0.21697282791137695
3754
0.21701288223266602
3946
0.21705293655395508
4138
0.21709394454956055
4330
0.21713781356811523
4522
0.2171778678894043
4714
0.21721792221069336
4979
0.21726083755493164
5244
0.21732187271118164
5509
0.21736383438110352
5810
0.21740984916687012
6111
0.217451810836792
6412
0.21749496459960938
6713
0.21754002571105957
6978
0.21758294105529785
7243
0.21762490272521973
7544
0.21767091751098633
7845
0.21771597862243652
8146
0.2177588939666748
8447
0.2178049087524414
8712
0.2178490161895752
9010
0.21789288520812988
9308
0.21795082092285156
9606
0.21799802780151367
9904
0.21804285049438477
10169
0.21811890602111816
10433
0.22032499313354492
10734
0.22321796417236328
10999
0.2232680320739746
11264
0.2266068458557129
11529
0.22804498672485352
11794
0.2298109531402588
12058
0.2336728572845459
12359
0.23429584503173828
12624
0.23748302459716797
12889
0.23882198333740234
13154
0.24056601524353027
13346
0.2428150177001953
13610
0.2484428882598877
13875
0.24954700469970703
14140
0.25128602981567383
14404
0.26041603088378906
14669
0.2619638442993164
14933
0.27254700660705566
15234
0.309985876083374
15535
0.3183269500732422
15833
0.3850288391113281
16131
0.4309070110321045
0
266
0.22140192985534668
567
0.22148895263671875
868
0.22153782844543457
1169
0.22158098220825195
1470
0.22162890434265137
1771
0.2216789722442627
2072
0.22171998023986816
2264
0.2217710018157959
2456
0.22181296348571777
2648
0.22185397148132324
2840
0.2218940258026123
3032
0.22193598747253418
3224
0.22197699546813965
3489
0.22202181816101074
3754
0.22206497192382812
4019
0.2221059799194336
4320
0.22214794158935547
4621
0.22219300270080566
4922
0.22223496437072754
5223
0.22227692604064941
5415
0.2223210334777832
5607
0.22236299514770508
5799
0.22240495681762695
5991
0.22244882583618164
6183
0.22249102592468262
6448
0.2225339412689209
6713
0.2225780487060547
7014
0.22262287139892578
7315
0.22266602516174316
7616
0.2227180004119873
7917
0.222761869430542
8182
0.22280597686767578
8447
0.22285199165344238
8745
0.22289681434631348
9043
0.22295594215393066
9341
0.223006010055542
9639
0.2230548858642578
9904
0.22310090065002441
10169
0.22317099571228027
10433
0.223984956741333
10734
0.22718000411987305
10999
0.2278590202331543
11264
0.23113489151000977
11529
0.23236393928527832
11830
0.23380494117736816
12095
0.23429298400878906
12359
0.23824381828308105
12624
0.24204301834106445
12889
0.2431190013885498
13154
0.24515199661254883
13346
0.24646592140197754
13610
0.25299596786499023
13875
0.25374388694763184
14140
0.2559528350830078
14404
0.2644319534301758
14669
0.2666938304901123
14933
0.27747082710266113
15234
0.30802392959594727
15535
0.3239920139312744
15833
0.3811149597167969
16131
0.43686604499816895
0
266
0.21743416786193848
531
0.21751093864440918
832
0.21756196022033691
1133
0.21760916709899902
1434
0.21765804290771484
1735
0.21770310401916504
2036
0.21774697303771973
2337
0.2177889347076416
2529
0.2178330421447754
2721
0.21787595748901367
2913
0.21791911125183105
3105
0.21796607971191406
3297
0.21800994873046875
3489
0.21805214881896973
3754
0.21809697151184082
4019
0.2181401252746582
4284
0.21818304061889648
4585
0.2182309627532959
4886
0.21828007698059082
5187
0.21832513809204102
5488
0.21838808059692383
5680
0.21843504905700684
5872
0.21847915649414062
6064
0.21853208541870117
6256
0.2185840606689453
6448
0.21863102912902832
6713
0.21867895126342773
6978
0.21872496604919434
7279
0.21877002716064453
7580
0.21881914138793945
7881
0.21886396408081055
8182
0.21890997886657715
8447
0.21896004676818848
8745
0.2190110683441162
9043
0.21905803680419922
9341
0.21910810470581055
9639
0.21915602684020996
9904
0.21921396255493164
10169
0.2192840576171875
10433
0.2206261157989502
10698
0.22492098808288574
10963
0.22705793380737305
11264
0.22824406623840332
11529
0.22921514511108398
11794
0.23107194900512695
12095
0.2315371036529541
12359
0.2356700897216797
12624
0.23787403106689453
12889
0.2401289939880371
13154
0.24203205108642578
13346
0.24492812156677246
13610
0.2483839988708496
13875
0.25102710723876953
14140
0.2527639865875244
14404
0.2619040012359619
14669
0.2635481357574463
14933
0.2744171619415283
15234
0.30482912063598633
15535
0.32408905029296875
15833
0.3778109550476074
16131
0.4375
0
266
0.21972990036010742
531
0.21981596946716309
832
0.21986889839172363
1133
0.21991586685180664
1434
0.21996092796325684
1735
0.22000479698181152
2036
0.22005081176757812
2337
0.2200939655303955
2529
0.2201378345489502
2721
0.22018194198608398
2913
0.22022390365600586
3105
0.22026991844177246
3297
0.22031188011169434
3489
0.22037386894226074
3754
0.22042083740234375
4019
0.22046399116516113
4284
0.22050690650939941
4585
0.22055292129516602
4886
0.2205970287322998
5187
0.2206408977508545
5488
0.22070002555847168
5680
0.22074389457702637
5872
0.22078800201416016
6064
0.22083401679992676
6256
0.22087883949279785
6448
0.22092390060424805
6713
0.22097086906433105
6978
0.22101593017578125
7279
0.22106099128723145
7580
0.22110986709594727
7881
0.22115492820739746
8182
0.22120094299316406
8447
0.22124886512756348
8745
0.22129583358764648
9043
0.2213428020477295
9341
0.22139191627502441
9639
0.22145390510559082
9904
0.22150301933288574
10169
0.2215728759765625
10433
0.22249984741210938
10698
0.22609901428222656
10963
0.2291569709777832
11228
0.23091983795166016
11529
0.23236298561096191
11794
0.23248696327209473
12095
0.23582696914672852
12359
0.23661398887634277
12624
0.24003291130065918
12889
0.24219083786010742
13154
0.24327301979064941
13346
0.24580097198486328
13610
0.2508368492126465
13875
0.25295591354370117
14140
0.25397682189941406
14404
0.2635970115661621
14669
0.26483798027038574
14933
0.2755768299102783
15234
0.30705690383911133
15535
0.3327209949493408
15833
0.38104701042175293
16131
0.4456648826599121
0
266
0.22149300575256348
531
0.2215731143951416
832
0.22162413597106934
1133
0.22167420387268066
1434
0.22171807289123535
1735
0.22176003456115723
2036
0.22180509567260742
2337
0.2218461036682129
2529
0.22188901901245117
2721
0.22193098068237305
2913
0.22197198867797852
3105
0.2220170497894287
3297
0.2220602035522461
3489
0.22210216522216797
3754
0.22214508056640625
4019
0.22218799591064453
4284
0.2222301959991455
4585
0.2222762107849121
4886
0.2223191261291504
5187
0.22236299514770508
5488
0.2224102020263672
5680
0.22245407104492188
5872
0.2225031852722168
6064
0.22255611419677734
6256
0.22260117530822754
6448
0.22264599800109863
6713
0.22269320487976074
6978
0.22273898124694824
7279
0.22278499603271484
7580
0.22283506393432617
7881
0.22288203239440918
8182
0.22292804718017578
8447
0.2229771614074707
8745
0.22302508354187012
9043
0.22307610511779785
9341
0.2231290340423584
9639
0.22317719459533691
9904
0.22322416305541992
10169
0.2232961654663086
10470
0.22479915618896484
10734
0.22547507286071777
11035
0.22922611236572266
11300
0.23012018203735352
11565
0.2317960262298584
11830
0.2335820198059082
12095
0.23520112037658691
12359
0.2407841682434082
12624
0.24274516105651855
12889
0.2444911003112793
13081
0.2452089786529541
13346
0.24597907066345215
13610
0.25345611572265625
13875
0.25554704666137695
14140
0.2568380832672119
14404
0.2663609981536865
14669
0.2676119804382324
14933
0.2784562110900879
15234
0.3143789768218994
15535
0.32036805152893066
15833
0.3780021667480469
16131
0.43325018882751465
0
266
0.21404814720153809
531
0.21413397789001465
832
0.21418309211730957
1133
0.21422815322875977
1434
0.21427106857299805
1735
0.21431207656860352
2036
0.2143561840057373
2337
0.21439719200134277
2529
0.21443915367126465
2721
0.2144911289215088
2913
0.21453213691711426
3105
0.21457719802856445
3297
0.21461915969848633
3489
0.2146620750427246
3754
0.2147061824798584
4019
0.21474719047546387
4284
0.21478915214538574
4585
0.21484017372131348
4886
0.2148900032043457
5187
0.2149341106414795
5488
0.2149810791015625
5680
0.2150251865386963
5872
0.21506905555725098
6064
0.21511411666870117
6256
0.215162992477417
6448
0.21520709991455078
6713
0.21526813507080078
6978
0.21531319618225098
7279
0.21535897254943848
7580
0.215407133102417
7881
0.2154521942138672
8182
0.2154982089996338
8447
0.2155461311340332
8745
0.2156081199645996
9043
0.21565604209899902
9341
0.21570611000061035
9639
0.21575307846069336
9904
0.21579909324645996
10169
0.21586918830871582
10433
0.2169630527496338
10698
0.221513032913208
10963
0.22316503524780273
11264
0.22439908981323242
11529
0.22527313232421875
11794
0.2267460823059082
12058
0.2321929931640625
12323
0.23398709297180176
12588
0.2360692024230957
12889
0.2362511157989502
13154
0.23749113082885742
13346
0.23806214332580566
13610
0.2447052001953125
13875
0.24673008918762207
14140
0.24821805953979492
14404
0.25763702392578125
14669
0.2589261531829834
14933
0.2752220630645752
15234
0.3121612071990967
15535
0.32009410858154297
15833
0.3882021903991699
16131
0.43349313735961914
0
266
0.21376490592956543
531
0.21384596824645996
832
0.21389508247375488
1133
0.21393704414367676
1434
0.21397900581359863
1735
0.2140200138092041
2036
0.21406006813049316
2337
0.21409893035888672
2529
0.2141408920288086
2721
0.21418094635009766
2913
0.2142200469970703
3105
0.21426105499267578
3297
0.21430110931396484
3489
0.214339017868042
3754
0.21438097953796387
4019
0.21442103385925293
4284
0.21445989608764648
4585
0.21450400352478027
4886
0.21454596519470215
5187
0.21460199356079102
5488
0.21464896202087402
5680
0.2146909236907959
5872
0.2147369384765625
6064
0.2147810459136963
6256
0.21482205390930176
6448
0.21486401557922363
6713
0.21490788459777832
6978
0.2149500846862793
7279
0.21499300003051758
7580
0.21503996849060059
7881
0.215087890625
8182
0.21513700485229492
8447
0.21518397331237793
8745
0.21522903442382812
9043
0.21527409553527832
9341
0.21532201766967773
9639
0.21536707878112793
9904
0.21542000770568848
10169
0.21548700332641602
10433
0.21792101860046387
10698
0.22201991081237793
10963
0.2247910499572754
11228
0.22582411766052246
11529
0.22632288932800293
11830
0.2264571189880371
12094
0.23287010192871094
12359
0.23427510261535645
12624
0.23602294921875
12889
0.23662996292114258
13081
0.23714804649353027
13346
0.2453138828277588
13610
0.2470719814300537
13875
0.2474379539489746
14140
0.25603795051574707
14404
0.25824499130249023
14669
0.2667810916900635
14933
0.27753400802612305
15234
0.2999410629272461
15535
0.32433605194091797
15833
0.3734738826751709
16131
0.43863606452941895
0
266
0.22196388244628906
531
0.22205090522766113
832
0.2221059799194336
1133
0.222153902053833
1434
0.22220110893249512
1735
0.22224807739257812
2036
0.22229409217834473
2337
0.22234106063842773
2529
0.22238993644714355
2721
0.22243499755859375
2913
0.22247910499572754
3105
0.22252488136291504
3297
0.22257089614868164
3489
0.22261500358581543
3754
0.22266197204589844
4019
0.22270607948303223
4284
0.22275090217590332
4585
0.22280502319335938
4886
0.2228529453277588
5187
0.2228999137878418
5488
0.22295498847961426
5680
0.2230069637298584
5872
0.2230548858642578
6064
0.22310304641723633
6256
0.22315502166748047
6448
0.22320294380187988
6713
0.22325611114501953
6978
0.22330498695373535
7279
0.22335195541381836
7580
0.2234029769897461
7881
0.2234508991241455
8182
0.22350001335144043
8447
0.22355103492736816
8745
0.22359991073608398
9043
0.22365093231201172
9341
0.22370290756225586
9639
0.2237529754638672
9904
0.22380304336547852
10169
0.2238759994506836
10433
0.22573089599609375
10734
0.22637200355529785
11035
0.22913908958435059
11300
0.2294631004333496
11565
0.23144102096557617
11830
0.23313307762145996
12095
0.23471498489379883
12359
0.2401590347290039
12624
0.24230289459228516
12889
0.24408793449401855
13081
0.24421095848083496
13346
0.24552106857299805
13610
0.2531399726867676
13875
0.2549149990081787
14140
0.2562069892883301
14404
0.26576900482177734
14669
0.26682496070861816
14933
0.2775580883026123
15234
0.30539703369140625
15535
0.32153797149658203
15833
0.37926697731018066
16131
0.43557310104370117
0
266
0.21411895751953125
531
0.21420907974243164
832
0.21425890922546387
1133
0.21430206298828125
1434
0.21434497833251953
1735
0.21438908576965332
2036
0.2144310474395752
2337
0.21447205543518066
2529
0.21451687812805176
2721
0.21455907821655273
2913
0.2146000862121582
3105
0.21464300155639648
3297
0.21468496322631836
3489
0.21472692489624023
3754
0.21477198600769043
4019
0.2148139476776123
4284
0.21485495567321777
4585
0.21490192413330078
4886
0.21494507789611816
5187
0.21498799324035645
5488
0.21503400802612305
5680
0.21507692337036133
5872
0.21512103080749512
6064
0.21516704559326172
6256
0.2152109146118164
6448
0.215256929397583
6713
0.2153029441833496
6978
0.2153480052947998
7279
0.21540498733520508
7580
0.2154550552368164
7881
0.215501070022583
8182
0.2155458927154541
8447
0.21559500694274902
8745
0.21564793586730957
9043
0.21569395065307617
9341
0.2157440185546875
9639
0.21579694747924805
9904
0.21584391593933105
10169
0.21591496467590332
10433
0.21877694129943848
10698
0.2212669849395752
10963
0.22407793998718262
11228
0.22578096389770508
11529
0.22717809677124023
11794
0.22759294509887695
12095
0.22899389266967773
12359
0.23191499710083008
12624
0.23494601249694824
12889
0.23668503761291504
13154
0.23844099044799805
13346
0.24131298065185547
13610
0.24576997756958008
13875
0.25641608238220215
14140
0.2564830780029297
14404
0.2581329345703125
14669
0.2600579261779785
14933
0.2730898857116699
15234
0.3043639659881592
15535
0.3210000991821289
15833
0.3794269561767578
16131
0.4338870048522949
0
302
0.22932910919189453
603
0.22942090034484863
904
0.22947096824645996
1205
0.22951602935791016
1506
0.22956109046936035
1807
0.22960495948791504
1999
0.22964811325073242
2191
0.2296900749206543
2383
0.2297348976135254
2575
0.22977805137634277
2767
0.22982001304626465
2959
0.22986412048339844
3224
0.22990798950195312
3489
0.2299509048461914
3754
0.2299959659576416
4055
0.23003911972045898
4356
0.23008298873901367
4657
0.23013591766357422
4958
0.23018097877502441
5259
0.23023200035095215
5451
0.23027610778808594
5643
0.23031997680664062
5835
0.23037290573120117
6027
0.23041796684265137
6219
0.23046207427978516
6484
0.23050904273986816
6749
0.23055505752563477
7014
0.23060011863708496
7315
0.23064899444580078
7616
0.2306959629058838
7917
0.2307419776916504
8218
0.2307910919189453
8483
0.23083806037902832
8748
0.23088407516479492
9046
0.23093390464782715
9344
0.23098206520080566
9642
0.23103094100952148
9940
0.23108196258544922
10205
0.23113012313842773
10506
0.23120403289794922
10771
0.23125600814819336
11035
0.23279094696044922
11300
0.23699712753295898
11565
0.23859405517578125
11830
0.2404029369354248
12095
0.24204397201538086
12287
0.24297809600830078
12551
0.2477099895477295
12816
0.24945497512817383
13081
0.2511169910430908
13346
0.25275111198425293
13610
0.26031494140625
13875
0.2618229389190674
14140
0.26354193687438965
14404
0.27263808250427246
14669
0.2742469310760498
14933
0.2851290702819824
15234
0.30590200424194336
15535
0.3249990940093994
15833
0.3817579746246338
16131
0.43897390365600586
0
302
0.21891403198242188
603
0.21900486946105957
904
0.2190558910369873
1205
0.2190999984741211
1506
0.2191450595855713
1807
0.21918892860412598
1999
0.21923303604125977
2191
0.2192678451538086
2383
0.21931195259094238
2575
0.21935486793518066
2767
0.21939706802368164
2959
0.21944189071655273
3224
0.21948504447937012
3489
0.2195279598236084
3754
0.2195730209350586
4055
0.2196178436279297
4356
0.21966290473937988
4657
0.2197098731994629
4958
0.21982884407043457
5150
0.21987605094909668
5342
0.2199249267578125
5534
0.2199709415435791
5726
0.22001886367797852
5918
0.2200629711151123
6183
0.22011399269104004
6448
0.22016286849975586
6713
0.22020792961120605
7014
0.22025799751281738
7315
0.2203068733215332
7616
0.2203528881072998
7917
0.2203989028930664
8182
0.22044801712036133
8447
0.22049498558044434
8745
0.22054195404052734
9043
0.22059202194213867
9341
0.22064590454101562
9639
0.22069501876831055
9904
0.22074484825134277
10169
0.22081899642944336
10433
0.22253203392028809
10734
0.22493696212768555
10999
0.22612690925598145
11264
0.22909784317016602
11529
0.23108386993408203
11830
0.23163890838623047
12095
0.2325270175933838
12359
0.23674798011779785
12624
0.2399580478668213
12889
0.24213600158691406
13081
0.24314284324645996
13346
0.24352288246154785
13610
0.25063300132751465
13875
0.25301384925842285
14140
0.25441789627075195
14404
0.2639758586883545
14669
0.26528406143188477
14933
0.27612805366516113
15234
0.30547189712524414
15535
0.3212599754333496
15833
0.3796360492706299
16131
0.43541884422302246
0
266
0.21504783630371094
531
0.21514487266540527
832
0.215195894241333
1133
0.2152409553527832
1434
0.21528387069702148
1735
0.21532487869262695
2036
0.21536898612976074
2337
0.21541094779968262
2529
0.2154538631439209
2721
0.21549582481384277
2913
0.21553802490234375
3105
0.21558284759521484
3297
0.21562504768371582
3489
0.21567201614379883
3754
0.21571683883666992
4019
0.2157599925994873
4284
0.21580290794372559
4585
0.2158489227294922
4886
0.21589183807373047
5187
0.21593499183654785
5488
0.21598100662231445
5680
0.21602582931518555
5872
0.21606993675231934
6064
0.21611595153808594
6256
0.21615982055664062
6448
0.21620488166809082
6713
0.2162628173828125
6978
0.2163078784942627
7279
0.2163529396057129
7580
0.2164008617401123
7881
0.2164468765258789
8182
0.21649384498596191
8447
0.21654796600341797
8745
0.21659493446350098
9043
0.21664094924926758
9341
0.2166910171508789
9639
0.21673798561096191
9904
0.21678400039672852
10169
0.21685385704040527
10433
0.21834087371826172
10698
0.22185587882995605
10963
0.2238759994506836
11228
0.2258739471435547
11529
0.22594189643859863
11794
0.22803497314453125
12095
0.22908782958984375
12359
0.23251795768737793
12624
0.23465704917907715
12889
0.23659491539001465
13154
0.2389240264892578
13346
0.23912882804870605
13610
0.24521899223327637
13875
0.24728989601135254
14140
0.25000786781311035
14404
0.2581050395965576
14669
0.26110196113586426
14933
0.2719860076904297
15234
0.3034999370574951
15535
0.32384586334228516
15833
0.37775492668151855
16131
0.43758392333984375
0
266
0.21563196182250977
531
0.21571993827819824
832
0.21576309204101562
1133
0.21580791473388672
1434
0.2158510684967041
1735
0.21589303016662598
2036
0.21593689918518066
2337
0.21597790718078613
2529
0.216019868850708
2721
0.21606087684631348
2913
0.21610307693481445
3105
0.21614789962768555
3297
0.21618986129760742
3489
0.2162320613861084
3754
0.21628093719482422
4019
0.2163228988647461
4284
0.21636486053466797
4585
0.21641087532043457
4886
0.21645402908325195
5187
0.21649694442749023
5488
0.21654391288757324
5680
0.21658802032470703
5872
0.21663188934326172
6064
0.21667695045471191
6256
0.2167198657989502
6448
0.21676397323608398
6713
0.216810941696167
6978
0.21685504913330078
7279
0.21689987182617188
7580
0.2169480323791504
7881
0.21699309349060059
8182
0.21706104278564453
8447
0.21710991859436035
8745
0.21715593338012695
9043
0.21720194816589355
9341
0.21725201606750488
9639
0.2172989845275879
9904
0.2173449993133545
10169
0.21741390228271484
10433
0.21933794021606445
10698
0.2236919403076172
10999
0.22637104988098145
11264
0.22643709182739258
11529
0.2272489070892334
11830
0.22890496253967285
12095
0.22910404205322266
12359
0.23428988456726074
12624
0.23741698265075684
12889
0.23793292045593262
13081
0.23985600471496582
13346
0.2399899959564209
13610
0.24823999404907227
13875
0.24861502647399902
14140
0.250917911529541
14404
0.2593550682067871
14669
0.26181507110595703
14933
0.27274203300476074
15234
0.3034970760345459
15535
0.32328200340270996
15833
0.3775899410247803
16131
0.43712806701660156
0
266
0.2178020477294922
531
0.21789002418518066
832
0.21794390678405762
1133
0.2179880142211914
1434
0.21802997589111328
1735
0.21807384490966797
2036
0.21811699867248535
2337
0.21815800666809082
2529
0.2181999683380127
2721
0.21824193000793457
2913
0.21828389167785645
3105
0.21832895278930664
3297
0.21837091445922852
3489
0.21841883659362793
3754
0.21846294403076172
4019
0.218505859375
4284
0.21854901313781738
4585
0.21859502792358398
4886
0.21863889694213867
5187
0.21868181228637695
5488
0.21872782707214355
5680
0.21877288818359375
5872
0.21881890296936035
6064
0.21886491775512695
6256
0.21890902519226074
6448
0.21895384788513184
6713
0.21900081634521484
6978
0.21904492378234863
7279
0.21909093856811523
7580
0.21913886070251465
7881
0.21918487548828125
8182
0.21922993659973145
8447
0.21927785873413086
8745
0.219329833984375
9043
0.2193758487701416
9341
0.21942591667175293
9639
0.21947288513183594
9904
0.21951985359191895
10169
0.21959185600280762
10433
0.22110700607299805
10698
0.22538185119628906
10963
0.22684502601623535
11264
0.2269608974456787
11565
0.22856998443603516
11830
0.22887802124023438
12095
0.2306668758392334
12359
0.23603200912475586
12624
0.23763203620910645
12889
0.23957586288452148
13154
0.24153590202331543
13346
0.24445891380310059
13610
0.24838781356811523
13875
0.25035786628723145
14140
0.25246381759643555
14404
0.2612290382385254
14669
0.2633090019226074
14933
0.2741990089416504
15234
0.302448034286499
15535
0.32332396507263184
15833
0.3781619071960449
16131
0.4364500045776367
0
266
0.21585798263549805
531
0.21593999862670898
832
0.21599698066711426
1133
0.21604204177856445
1434
0.21608710289001465
1735
0.21613001823425293
2036
0.2161719799041748
2337
0.216217041015625
2529
0.2162630558013916
2721
0.21630501747131348
2913
0.21636199951171875
3105
0.21640706062316895
3297
0.21644997596740723
3489
0.2164909839630127
3754
0.21653413772583008
4019
0.21657514572143555
4284
0.21661710739135742
4585
0.21666312217712402
4886
0.2167060375213623
5187
0.21674895286560059
5488
0.2167949676513672
5680
0.21683812141418457
5872
0.21688103675842285
6064
0.21692609786987305
6256
0.21696996688842773
6448
0.21701407432556152
6713
0.21706008911132812
6978
0.21710515022277832
7279
0.21714997291564941
7580
0.21719813346862793
7881
0.21724295616149902
8182
0.21728801727294922
8447
0.21733713150024414
8745
0.21738409996032715
9043
0.21743011474609375
9341
0.21747994422912598
9639
0.21752715110778809
9904
0.2175741195678711
10169
0.21764707565307617
10433
0.21957898139953613
10698
0.22367310523986816
10963
0.22544097900390625
11264
0.22681403160095215
11529
0.22788405418395996
11830
0.22877097129821777
12095
0.2294480800628662
12359
0.23423004150390625
12624
0.23627114295959473
12889
0.23875713348388672
13081
0.24013495445251465
13346
0.24044203758239746
13610
0.2469930648803711
13875
0.24975895881652832
14140
0.2513279914855957
14404
0.26058006286621094
14669
0.2622530460357666
14933
0.27318406105041504
15234
0.3013169765472412
15535
0.3274800777435303
15833
0.3754761219024658
16131
0.44152092933654785
