0
1077
0.3542490005493164
2153
0.35433506965637207
3229
0.3543879985809326
4305
0.35443592071533203
4726
0.35448193550109863
5147
0.35452699661254883
5568
0.3545708656311035
5989
0.3546178340911865
6410
0.3546638488769531
7548
0.3547098636627197
8686
0.36333799362182617
9107
0.3761329650878906
10245
0.377565860748291
11383
0.3903648853302002
12521
0.4030909538269043
13597
0.41518592834472656
14673
0.4854390621185303
14672
0.48558497428894043
0
1077
0.22864913940429688
2153
0.22873997688293457
3229
0.22879695892333984
4305
0.22884297370910645
4726
0.22888898849487305
5147
0.22893095016479492
5568
0.2289750576019287
5989
0.22902607917785645
6410
0.22906994819641113
7548
0.22912192344665527
8686
0.23835396766662598
9107
0.24732112884521484
10245
0.25191497802734375
11383
0.26512694358825684
12521
0.2778279781341553
13597
0.3598630428314209
14673
0.4114799499511719
14672
0.4116029739379883
0
1077
0.21426701545715332
2153
0.2143568992614746
3229
0.2144150733947754
4305
0.214461088180542
4726
0.2145068645477295
5147
0.21455097198486328
5568
0.21459507942199707
5989
0.21464800834655762
6410
0.2146918773651123
7548
0.2147369384765625
8686
0.22374606132507324
9107
0.23372101783752441
10245
0.23666000366210938
11383
0.2499539852142334
12521
0.26195693016052246
13597
0.3485860824584961
14673
0.39984703063964844
14672
0.39998888969421387
0
1077
0.21393895149230957
2153
0.21402907371520996
3229
0.21408891677856445
4305
0.21413803100585938
4726
0.2141859531402588
5147
0.2142319679260254
5568
0.21428203582763672
5989
0.21433806419372559
6410
0.2143850326538086
7548
0.21444010734558105
8686
0.22351408004760742
9107
0.2344670295715332
10245
0.2495579719543457
11383
0.2506890296936035
12521
0.26180005073547363
13597
0.40369701385498047
14673
0.41597890853881836
14672
0.41608595848083496
0
1077
0.21320796012878418
2153
0.21329593658447266
3229
0.21335291862487793
4305
0.21339893341064453
4726
0.21344399452209473
5147
0.213486909866333
5568
0.2135307788848877
5989
0.2135789394378662
6410
0.2136218547821045
7548
0.2136669158935547
8686
0.22338390350341797
9107
0.23592495918273926
10245
0.23690485954284668
11383
0.2492668628692627
12521
0.26197195053100586
13597
0.3473320007324219
14673
0.39902186393737793
14672
0.3991529941558838
0
1077
0.2160649299621582
2153
0.21615099906921387
3229
0.21620893478393555
4305
0.21625494956970215
4726
0.21630096435546875
5147
0.21634507179260254
5568
0.21638894081115723
5989
0.21644210815429688
6410
0.21648693084716797
7548
0.21654105186462402
8686
0.2263650894165039
9107
0.23235392570495605
10245
0.23903989791870117
11383
0.2511410713195801
12521
0.26436805725097656
13597
0.3428339958190918
14673
0.3978230953216553
14672
0.3979361057281494
0
1077
0.2166731357574463
2153
0.21676301956176758
3229
0.21682214736938477
4305
0.21686911582946777
4726
0.21691513061523438
5147
0.21695899963378906
5568
0.21700310707092285
5989
0.21705317497253418
6410
0.21709704399108887
7548
0.21714305877685547
8686
0.22682905197143555
9107
0.23542499542236328
10245
0.23938298225402832
11383
0.2525479793548584
12521
0.26552510261535645
13597
0.34155917167663574
14673
0.4004991054534912
14672
0.40064215660095215
0
1077
0.2140941619873047
2153
0.21418213844299316
3229
0.21424102783203125
4305
0.21428894996643066
4726
0.21433711051940918
5147
0.21438097953796387
5568
0.21443700790405273
5989
0.2144920825958252
6410
0.2145380973815918
7548
0.21459197998046875
8686
0.22323107719421387
9107
0.23116016387939453
10245
0.2373490333557129
11383
0.24963712692260742
12521
0.2623460292816162
13597
0.35005712509155273
14673
0.3954770565032959
14672
0.3955881595611572
0
1077
0.21931195259094238
2153
0.2194068431854248
3229
0.2194669246673584
4305
0.21951603889465332
4726
0.21956300735473633
5147
0.21961092948913574
5568
0.21965885162353516
5989
0.2197129726409912
6410
0.21976089477539062
7548
0.21980905532836914
8686
0.22914886474609375
9107
0.2400188446044922
10245
0.2423570156097412
11383
0.2547569274902344
12521
0.2671818733215332
13597
0.34680604934692383
14673
0.40759992599487305
14672
0.4077339172363281
0
1077
0.21404409408569336
2153
0.21412897109985352
3229
0.2141859531402588
4305
0.2142319679260254
4726
0.21427702903747559
5147
0.214324951171875
5568
0.2143700122833252
5989
0.21442294120788574
6410
0.21446704864501953
7548
0.21451997756958008
8686
0.2232189178466797
9107
0.23449492454528809
10245
0.23657798767089844
11383
0.24865508079528809
12521
0.26346492767333984
13597
0.3424980640411377
14673
0.3997640609741211
14672
0.3998908996582031
0
1077
0.2139120101928711
2153
0.21399593353271484
3229
0.21405386924743652
4305
0.21409988403320312
4726
0.21414589881896973
5147
0.214188814163208
5568
0.21423578262329102
5989
0.21428489685058594
6410
0.21432781219482422
7548
0.21437287330627441
8686
0.22346782684326172
9107
0.2353508472442627
10245
0.23596882820129395
11383
0.24845290184020996
12521
0.26276588439941406
13597
0.34412288665771484
14673
0.4051389694213867
14672
0.4052579402923584
0
1077
0.21384501457214355
2153
0.21392297744750977
3229
0.21397900581359863
4305
0.21402406692504883
4726
0.21409106254577637
5147
0.21413397789001465
5568
0.21417808532714844
5989
0.21423006057739258
6410
0.21427297592163086
7548
0.2143261432647705
7969
0.2310349941253662
9107
0.23699498176574707
10245
0.24872303009033203
11383
0.25891804695129395
12521
0.2616920471191406
13597
0.3629629611968994
14673
0.39453697204589844
14672
0.3946340084075928
0
1077
0.21462178230285645
2153
0.21470999717712402
3229
0.2147688865661621
4305
0.21482300758361816
4726
0.21486878395080566
5147
0.21491289138793945
5568
0.2149639129638672
5989
0.2150099277496338
6410
0.21505498886108398
7548
0.21510887145996094
8686
0.22497296333312988
9107
0.23503994941711426
10245
0.23833799362182617
11383
0.2509498596191406
12521
0.26308178901672363
13597
0.3457038402557373
14673
0.3975398540496826
14672
0.39764881134033203
0
1077
0.21437597274780273
2153
0.214461088180542
3229
0.21451807022094727
4305
0.21456408500671387
4726
0.21461009979248047
5147
0.21465396881103516
5568
0.21469807624816895
5989
0.21475005149841309
6410
0.21479296684265137
7548
0.21483802795410156
8686
0.22381210327148438
9107
0.23142194747924805
10245
0.23694205284118652
11383
0.24955105781555176
12521
0.262376070022583
13597
0.3447740077972412
14673
0.3945291042327881
14672
0.39462995529174805
0
1077
0.22347402572631836
2153
0.22356891632080078
3229
0.2236328125
4305
0.22368502616882324
4726
0.22373580932617188
5147
0.22379684448242188
5568
0.2238469123840332
5989
0.22390389442443848
6410
0.2239530086517334
7548
0.22400283813476562
7969
0.24112701416015625
9107
0.2463688850402832
10245
0.2597229480743408
11383
0.2694108486175537
12521
0.2719428539276123
13597
0.3566098213195801
14673
0.39693284034729004
14672
0.3970458507537842
0
1077
0.21489310264587402
2153
0.2149829864501953
3229
0.21503400802612305
4305
0.21508216857910156
4726
0.21512818336486816
5147
0.21517109870910645
5568
0.21521496772766113
5989
0.21526813507080078
6410
0.21531295776367188
7548
0.21535801887512207
8686
0.22452497482299805
9107
0.23280811309814453
10245
0.2378830909729004
11383
0.2500920295715332
12521
0.2629740238189697
13597
0.3519601821899414
14673
0.4087090492248535
14672
0.40883398056030273
0
1077
0.21517491340637207
2153
0.21526193618774414
3229
0.21532106399536133
4305
0.21536803245544434
4726
0.21541786193847656
5147
0.21546101570129395
5568
0.21550703048706055
5989
0.2155599594116211
6410
0.2156059741973877
7548
0.2156538963317871
8686
0.2250349521636963
9107
0.23392987251281738
10245
0.23836898803710938
11383
0.2507328987121582
12521
0.26298999786376953
13597
0.34560108184814453
14673
0.3982880115509033
14672
0.39840197563171387
0
1077
0.21319103240966797
2153
0.2132740020751953
3229
0.21333003044128418
4305
0.21337604522705078
4726
0.2134239673614502
5147
0.21346688270568848
5568
0.21351003646850586
5989
0.21356201171875
6410
0.2136058807373047
7548
0.21365094184875488
8686
0.22413206100463867
9107
0.23392486572265625
10245
0.23700904846191406
11383
0.24906682968139648
12521
0.26220703125
13597
0.35001087188720703
14673
0.3982059955596924
14672
0.3983190059661865
0
1077
0.2148280143737793
2153
0.21491289138793945
3229
0.21497082710266113
4305
0.21501684188842773
4726
0.21506285667419434
5147
0.21510601043701172
5568
0.2151498794555664
5989
0.21520280838012695
6410
0.21524691581726074
7548
0.21529197692871094
8686
0.2242898941040039
9107
0.23606586456298828
10245
0.23819184303283691
11383
0.2502608299255371
12521
0.26273679733276367
13597
0.34919190406799316
14673
0.39852094650268555
14672
0.3986549377441406
0
1077
0.21320199966430664
2153
0.2132868766784668
3229
0.21334505081176758
4305
0.21338987350463867
4726
0.2134380340576172
5147
0.21348094940185547
5568
0.21352505683898926
5989
0.2135770320892334
6410
0.21361994743347168
7548
0.21366500854492188
8686
0.22379183769226074
9107
0.23584485054016113
10245
0.2368149757385254
11383
0.24894189834594727
12521
0.2620668411254883
13597
0.34331583976745605
14673
0.4013679027557373
14672
0.4015040397644043
0
1077
0.214569091796875
2153
0.21465301513671875
3229
0.21471309661865234
4305
0.21476197242736816
4726
0.21481013298034668
5147
0.21485400199890137
5568
0.21489906311035156
5989
0.21495294570922852
6410
0.21499896049499512
7548
0.21504712104797363
8686
0.22387409210205078
9107
0.2338569164276123
10245
0.23862814903259277
11383
0.24970602989196777
12521
0.263869047164917
13597
0.3455231189727783
14673
0.39809298515319824
14672
0.398237943649292
0
1077
0.21402692794799805
2153
0.21410489082336426
3229
0.21416187286376953
4305
0.21420788764953613
4726
0.21425485610961914
5147
0.21429800987243652
5568
0.21434283256530762
5989
0.21439480781555176
6410
0.21443891525268555
7548
0.21448493003845215
8686
0.22252297401428223
9107
0.23587393760681152
10245
0.236832857131958
11383
0.25026392936706543
12521
0.26244282722473145
13597
0.34784579277038574
14673
0.3934450149536133
14672
0.3935399055480957
0
1077
0.21504998207092285
2153
0.21513676643371582
3229
0.2151949405670166
4305
0.2152409553527832
4726
0.2152869701385498
5147
0.21532893180847168
5568
0.21537280082702637
5989
0.2154238224029541
6410
0.2154679298400879
7548
0.2155139446258545
8686
0.2234339714050293
9107
0.23452496528625488
10245
0.23729491233825684
11383
0.2513899803161621
12521
0.2643849849700928
13597
0.34574079513549805
14673
0.3995048999786377
14672
0.3996248245239258
0
1077
0.21575689315795898
2153
0.21584486961364746
3229
0.21590280532836914
4305
0.21594882011413574
4726
0.21599578857421875
5147
0.21603989601135254
5568
0.21608376502990723
5989
0.21613597869873047
6410
0.21618080139160156
7548
0.21622586250305176
8686
0.22662782669067383
9107
0.23557281494140625
10245
0.23908281326293945
11383
0.25136899948120117
12521
0.26419687271118164
13597
0.3452157974243164
14673
0.4031658172607422
14672
0.4033057689666748
0
1077
0.21393990516662598
2153
0.21403193473815918
3229
0.21409082412719727
4305
0.21413898468017578
4726
0.2141869068145752
5147
0.21423101425170898
5568
0.21427583694458008
5989
0.21432995796203613
6410
0.21437501907348633
7548
0.21442699432373047
8686
0.22460699081420898
9107
0.23543095588684082
10245
0.23588800430297852
11383
0.2588770389556885
12521
0.26156187057495117
13597
0.34670495986938477
14673
0.3955228328704834
14672
0.3956599235534668
0
1077
0.21355009078979492
2153
0.2136390209197998
3229
0.2137131690979004
4305
0.2137620449066162
4726
0.21381020545959473
5147
0.21385407447814941
5568
0.2138991355895996
5989
0.21395111083984375
6410
0.21399998664855957
7548
0.21404719352722168
8686
0.2231462001800537
9107
0.23284506797790527
10245
0.23735618591308594
11383
0.2492210865020752
12521
0.2618880271911621
13597
0.3466041088104248
14673
0.3977541923522949
14672
0.39789605140686035
0
1077
0.21393704414367676
2153
0.21402215957641602
3229
0.2140820026397705
4305
0.21413016319274902
4726
0.21417808532714844
5147
0.21422314643859863
5568
0.21426796913146973
5989
0.21432209014892578
6410
0.21436810493469238
7548
0.2144150733947754
8686
0.2231149673461914
9107
0.234389066696167
10245
0.2385401725769043
11383
0.24907708168029785
12521
0.2617330551147461
13597
0.34686803817749023
14673
0.3958699703216553
14672
0.39597010612487793
0
1077
0.21388006210327148
2153
0.21396207809448242
3229
0.2140200138092041
4305
0.2140650749206543
4726
0.2141098976135254
5147
0.21415209770202637
5568
0.21419596672058105
5989
0.2142488956451416
6410
0.21429204940795898
7548
0.21433806419372559
8686
0.22445201873779297
9107
0.23476696014404297
10245
0.2377760410308838
11383
0.24870705604553223
12521
0.26211094856262207
13597
0.3484830856323242
14673
0.3959391117095947
14672
0.3960590362548828
0
1077
0.21387600898742676
2153
0.21396303176879883
3229
0.21403193473815918
4305
0.21408295631408691
4726
0.21412992477416992
5147
0.2141721248626709
5568
0.21421599388122559
5989
0.21426796913146973
6410
0.21431207656860352
7548
0.21435809135437012
8686
0.2238450050354004
9107
0.23319506645202637
10245
0.238692045211792
11383
0.24936199188232422
12521
0.26166510581970215
13597
0.34638214111328125
14673
0.39238500595092773
14672
0.39247894287109375
0
1077
0.21392202377319336
2153
0.2140028476715088
3229
0.21406102180480957
4305
0.21410799026489258
4726
0.21415400505065918
5147
0.21419692039489746
5568
0.21423983573913574
5989
0.21429181098937988
6410
0.21433591842651367
7548
0.214385986328125
8686
0.22227883338928223
9107
0.23476386070251465
10245
0.2447948455810547
11383
0.25963497161865234
12521
0.2615039348602295
13597
0.34761786460876465
14673
0.4049038887023926
14672
0.4050018787384033
0
1077
0.21390104293823242
2153
0.21398210525512695
3229
0.21403908729553223
4305
0.21408390998840332
4726
0.21412897109985352
5147
0.2141721248626709
5568
0.21421599388122559
5989
0.21426796913146973
6410
0.21431207656860352
7548
0.2143568992614746
8686
0.2228710651397705
9107
0.23494195938110352
10245
0.2384169101715088
11383
0.24886012077331543
12521
0.26125597953796387
13597
0.3481259346008301
14673
0.3941938877105713
14672
0.39429211616516113
0
1077
0.21497201919555664
2153
0.21505999565124512
3229
0.2151191234588623
4305
0.2151660919189453
4726
0.21521306037902832
5147
0.21525812149047852
5568
0.21530699729919434
5989
0.21536612510681152
6410
0.21541094779968262
7548
0.21545696258544922
8686
0.22321391105651855
9107
0.23195695877075195
10245
0.2372119426727295
11383
0.25125694274902344
12521
0.2625720500946045
13597
0.3529059886932373
14673
0.3990490436553955
14672
0.39915990829467773
0
1077
0.21860194206237793
2153
0.21868610382080078
3229
0.21874594688415527
4305
0.2187941074371338
4726
0.2188429832458496
5147
0.2188889980316162
5568
0.2189350128173828
5989
0.21899008750915527
6410
0.2190380096435547
7548
0.2190871238708496
8686
0.22871112823486328
9107
0.23688292503356934
10245
0.2427830696105957
11383
0.2537839412689209
12521
0.26712799072265625
13597
0.3493509292602539
14673
0.397719144821167
14672
0.39782214164733887
0
1077
0.2275240421295166
2153
0.22760796546936035
3229
0.22766900062561035
4305
0.22771811485290527
4726
0.22779202461242676
5147
0.22783994674682617
5568
0.22790288925170898
5989
0.22795891761779785
6410
0.2280139923095703
7548
0.22806191444396973
8686
0.2369680404663086
9107
0.24748706817626953
10245
0.2508258819580078
11383
0.2621920108795166
12521
0.27601194381713867
13597
0.3596680164337158
14673
0.4019289016723633
14672
0.40206003189086914
0
1077
0.2154250144958496
2153
0.21551203727722168
3229
0.21557188034057617
4305
0.21562886238098145
4726
0.21567893028259277
5147
0.21572494506835938
5568
0.21577095985412598
5989
0.21582484245300293
6410
0.21587085723876953
7548
0.21591997146606445
8686
0.22481989860534668
9107
0.2329418659210205
10245
0.23821091651916504
11383
0.2508058547973633
12521
0.2634899616241455
13597
0.34452199935913086
14673
0.40061497688293457
14672
0.4007270336151123
0
1077
0.21394896507263184
2153
0.21403789520263672
3229
0.2140951156616211
4305
0.2141590118408203
4726
0.21421504020690918
5147
0.21425795555114746
5568
0.21430706977844238
5989
0.21435999870300293
6410
0.21440505981445312
7548
0.21445894241333008
8686
0.22380304336547852
9107
0.2311089038848877
10245
0.23695993423461914
11383
0.24933600425720215
12521
0.26174211502075195
13597
0.349606990814209
14673
0.39141106605529785
14672
0.39153003692626953
0
1077
0.2138979434967041
2153
0.21398282051086426
3229
0.21404194831848145
4305
0.21408390998840332
4726
0.21413302421569824
5147
0.21417784690856934
5568
0.21422290802001953
5989
0.21427702903747559
6410
0.2143230438232422
7548
0.2143700122833252
8686
0.2238178253173828
9107
0.23108601570129395
10245
0.23870396614074707
11383
0.24955296516418457
12521
0.26148080825805664
13597
0.3477330207824707
14673
0.39494895935058594
14672
0.39507293701171875
0
1077
0.21406292915344238
2153
0.21415090560913086
3229
0.21421098709106445
4305
0.21425890922546387
4726
0.21430587768554688
5147
0.21435189247131348
5568
0.2144029140472412
5989
0.21445798873901367
6410
0.21450400352478027
7548
0.21455693244934082
8686
0.22392702102661133
9107
0.23409104347229004
10245
0.23861908912658691
11383
0.24911189079284668
12521
0.26256394386291504
13597
0.35572099685668945
14673
0.4153449535369873
14672
0.4154839515686035
0
1077
0.21709513664245605
2153
0.21719598770141602
3229
0.2172560691833496
4305
0.21730709075927734
4726
0.21735715866088867
5147
0.21740102767944336
5568
0.21744704246520996
5989
0.21750211715698242
6410
0.21754908561706543
7548
0.21759605407714844
8686
0.228471040725708
9824
0.24148297309875488
10245
0.24289417266845703
11383
0.25322914123535156
12521
0.2657780647277832
13597
0.34792208671569824
14673
0.40534210205078125
14672
0.40549206733703613
0
1077
0.21529698371887207
2153
0.21538710594177246
3229
0.21544504165649414
4305
0.21549201011657715
4726
0.21553897857666016
5147
0.21558189392089844
5568
0.21563196182250977
5989
0.2156839370727539
6410
0.2157299518585205
7548
0.21578407287597656
8686
0.22461509704589844
9107
0.2330939769744873
10245
0.25118088722229004
11383
0.2524681091308594
12521
0.26396894454956055
13597
0.34888195991516113
14673
0.4004220962524414
14672
0.4005560874938965
0
1077
0.21551895141601562
2153
0.2156059741973877
3229
0.21566390991210938
4305
0.21570992469787598
4726
0.2157578468322754
5147
0.21580195426940918
5568
0.21584582328796387
5989
0.21589994430541992
6410
0.2159428596496582
7548
0.2159898281097412
8686
0.22562694549560547
9107
0.23748397827148438
10245
0.23910999298095703
11383
0.2512538433074951
12521
0.2640647888183594
13597
0.3490278720855713
14673
0.40038299560546875
14672
0.4005258083343506
0
1077
0.21543383598327637
2153
0.21552586555480957
3229
0.21558403968811035
4305
0.2156360149383545
4726
0.2156839370727539
5147
0.2157268524169922
5568
0.2157759666442871
5989
0.21582984924316406
6410
0.2158830165863037
7548
0.2159290313720703
8686
0.22404193878173828
9824
0.23851704597473145
10245
0.23978805541992188
11383
0.2507359981536865
12521
0.2634010314941406
13597
0.34698486328125
14673
0.39946889877319336
14672
0.39960598945617676
0
1077
0.21397781372070312
2153
0.2140648365020752
3229
0.21412396430969238
4305
0.2141709327697754
4726
0.2142188549041748
5147
0.21426796913146973
5568
0.21431279182434082
5989
0.214371919631958
6410
0.2144157886505127
7548
0.2144608497619629
8686
0.22284793853759766
9107
0.2327568531036377
10245
0.23733997344970703
11383
0.24927186965942383
12521
0.26112794876098633
13597
0.3494408130645752
14673
0.4150969982147217
14672
0.4152388572692871
0
1077
0.21587300300598145
2153
0.21596217155456543
3229
0.21602702140808105
4305
0.21607518196105957
4726
0.2161250114440918
5147
0.21617603302001953
5568
0.21622300148010254
5989
0.21628499031066895
6410
0.21633410453796387
7548
0.21638202667236328
8686
0.22470998764038086
9107
0.23752808570861816
10245
0.23955106735229492
11383
0.2519721984863281
12521
0.2644381523132324
13597
0.34767913818359375
14673
0.4086291790008545
14672
0.4087710380554199
0
1077
0.214249849319458
2153
0.2143387794494629
3229
0.21439790725708008
4305
0.21444487571716309
4726
0.214493989944458
5147
0.21454787254333496
5568
0.21460795402526855
5989
0.21466279029846191
6410
0.21470999717712402
7548
0.21474790573120117
8686
0.22382283210754395
9107
0.23476195335388184
10245
0.23903298377990723
11383
0.2505819797515869
12521
0.26244592666625977
13597
0.3526949882507324
14673
0.41006994247436523
14672
0.4102058410644531
0
1077
0.23070096969604492
2153
0.23079299926757812
3229
0.23085403442382812
4305
0.23090100288391113
4726
0.23094797134399414
5147
0.23099088668823242
5568
0.23102593421936035
5989
0.23106884956359863
6410
0.23111391067504883
7548
0.23251986503601074
7969
0.23589396476745605
9107
0.24118494987487793
10245
0.25475406646728516
11383
0.2673158645629883
12521
0.2793610095977783
13597
0.34491491317749023
14673
0.397615909576416
14672
0.3977530002593994
0
1077
0.2242720127105713
2153
0.22436189651489258
3229
0.22442293167114258
4305
0.224470853805542
4726
0.2245190143585205
5147
0.2245650291442871
5568
0.22461986541748047
5989
0.22467589378356934
6410
0.22472286224365234
7548
0.22701001167297363
7969
0.23263192176818848
9107
0.23392391204833984
10245
0.24776101112365723
11383
0.2602219581604004
12521
0.2723360061645508
13597
0.3442108631134033
14673
0.3940088748931885
14672
0.39415502548217773
0
1077
0.22432303428649902
2153
0.2244119644165039
3229
0.22446894645690918
4305
0.2245159149169922
4726
0.2245619297027588
5147
0.22460484504699707
5568
0.22464895248413086
5989
0.224700927734375
6410
0.2247450351715088
7548
0.22634196281433105
8686
0.23259902000427246
9107
0.2330930233001709
10245
0.2478940486907959
11383
0.2599358558654785
12521
0.272475004196167
13597
0.3483588695526123
14673
0.3976929187774658
14672
0.3978309631347656
0
1077
0.23740696907043457
2153
0.23749804496765137
3229
0.23755598068237305
4305
0.23760294914245605
4726
0.23764896392822266
5147
0.23769211769104004
5568
0.23772692680358887
5989
0.2377791404724121
6410
0.23784208297729492
6831
0.23788714408874512
7969
0.23963308334350586
9107
0.24622511863708496
10245
0.26111292839050293
11383
0.27285099029541016
12521
0.28510594367980957
13597
0.3523571491241455
14673
0.3963899612426758
14672
0.3965029716491699
0
1077
0.23255395889282227
2153
0.2326359748840332
3229
0.23269295692443848
4305
0.23273897171020508
4726
0.2328019142150879
5147
0.23284602165222168
5568
0.23288989067077637
5989
0.23294281959533691
6410
0.23299002647399902
7548
0.2347698211669922
7969
0.23804998397827148
9107
0.2410259246826172
10245
0.2565958499908447
11383
0.268359899520874
12521
0.28167295455932617
13597
0.3484489917755127
14673
0.39701199531555176
14672
0.397122859954834
