0
735
0.21492815017700195
1469
0.2150251865386963
2203
0.21507811546325684
2937
0.21512413024902344
3224
0.21516799926757812
3511
0.2152101993560791
3798
0.21525216102600098
4085
0.21529507637023926
4372
0.21533918380737305
4659
0.21538114547729492
5435
0.2154250144958496
6211
0.215468168258667
6987
0.2243030071258545
7763
0.23588299751281738
8539
0.24878907203674316
9273
0.2592902183532715
10007
0.28607916831970215
10006
0.28620409965515137
0
735
0.2156229019165039
1469
0.2157149314880371
2203
0.21576690673828125
2937
0.21581602096557617
3224
0.21585988998413086
3511
0.21590185165405273
3798
0.2159440517425537
4085
0.21598601341247559
4372
0.216033935546875
4659
0.21607589721679688
5435
0.2161240577697754
6211
0.21616697311401367
6987
0.22481393814086914
7763
0.23690390586853027
8539
0.2493760585784912
9273
0.2610349655151367
10007
0.28375697135925293
10006
0.28385305404663086
0
735
0.21387290954589844
1469
0.2139739990234375
2203
0.21403193473815918
2937
0.21407699584960938
3224
0.21414494514465332
3511
0.2141878604888916
3798
0.21422982215881348
4085
0.21427679061889648
4372
0.21431899070739746
4659
0.21435999870300293
5435
0.21440696716308594
6211
0.21445178985595703
6987
0.22257280349731445
7763
0.23519587516784668
8539
0.24779486656188965
9273
0.25786590576171875
10007
0.2808828353881836
10006
0.28098297119140625
0
735
0.21404504776000977
1469
0.2141280174255371
2203
0.21418309211730957
2937
0.21422600746154785
3224
0.21427011489868164
3511
0.2143111228942871
3798
0.21435308456420898
4085
0.214400053024292
4372
0.21444106101989746
4659
0.21448302268981934
5435
0.21452903747558594
6211
0.21457195281982422
6987
0.22159695625305176
7763
0.23517394065856934
8539
0.2472090721130371
9273
0.2548179626464844
10007
0.2895960807800293
10006
0.28972506523132324
0
735
0.2146291732788086
1469
0.21470117568969727
2203
0.21475505828857422
2937
0.21480798721313477
3224
0.21485114097595215
3511
0.2148911952972412
3798
0.21493101119995117
4085
0.21497607231140137
4372
0.21501612663269043
4659
0.21505498886108398
5435
0.21510004997253418
6211
0.21514201164245605
6987
0.22304797172546387
7763
0.23518919944763184
8539
0.24741506576538086
9273
0.256425142288208
10007
0.28232312202453613
10006
0.2824101448059082
0
735
0.21397709846496582
1469
0.21405601501464844
2203
0.21410703659057617
2937
0.21414899826049805
3224
0.21419095993041992
3511
0.2142331600189209
3798
0.214277982711792
4085
0.21432709693908691
4372
0.21436595916748047
4659
0.21440410614013672
5435
0.21444916725158691
6211
0.21448993682861328
6987
0.22286200523376465
7763
0.23465895652770996
8539
0.24694609642028809
9273
0.25813794136047363
10007
0.2828500270843506
10006
0.28293895721435547
0
735
0.21560001373291016
1469
0.21567916870117188
2203
0.21573710441589355
2937
0.21578001976013184
3224
0.2158219814300537
3511
0.21586108207702637
3798
0.21590209007263184
4085
0.21594715118408203
4372
0.2159872055053711
4659
0.21602606773376465
5435
0.21607017517089844
6211
0.2161111831665039
6987
0.22297120094299316
7763
0.23636507987976074
8539
0.2488081455230713
9273
0.25901198387145996
10007
0.28488898277282715
10006
0.28498220443725586
0
735
0.21326899528503418
1469
0.2133500576019287
2203
0.21340298652648926
2937
0.21344590187072754
3224
0.213486909866333
3511
0.2135319709777832
3798
0.21357297897338867
4085
0.21361708641052246
4372
0.21365690231323242
4659
0.21369600296020508
5435
0.21374106407165527
6211
0.21378207206726074
6987
0.22246503829956055
7763
0.23507094383239746
8539
0.246751070022583
9273
0.2565929889678955
10007
0.27923107147216797
10006
0.27932000160217285
0
735
0.21738386154174805
1469
0.21745991706848145
2203
0.2175130844116211
2937
0.21756601333618164
3224
0.21760797500610352
3511
0.21764802932739258
3798
0.21768689155578613
4085
0.21773195266723633
4372
0.2177720069885254
4659
0.21781086921691895
5435
0.21785593032836914
6211
0.2178969383239746
6987
0.22585391998291016
7763
0.23800301551818848
8539
0.25039005279541016
9273
0.26197004318237305
10007
0.28656506538391113
10006
0.2866549491882324
0
735
0.2139420509338379
1469
0.21402215957641602
2203
0.21407413482666016
2937
0.21413207054138184
3224
0.2141740322113037
3511
0.21421408653259277
3798
0.21425700187683105
4085
0.21430301666259766
4372
0.2143421173095703
4659
0.21438097953796387
5435
0.21442604064941406
6211
0.21446609497070312
6987
0.22203516960144043
7763
0.23518705368041992
8539
0.24677205085754395
9273
0.25660014152526855
10007
0.2857210636138916
10006
0.2858090400695801
0
735
0.21435999870300293
1469
0.21444416046142578
2203
0.21450114250183105
2937
0.21454501152038574
3224
0.21458911895751953
3511
0.2146291732788086
3798
0.21466922760009766
4085
0.21471500396728516
4372
0.2147541046142578
4659
0.21479415893554688
5435
0.21484017372131348
6211
0.21488118171691895
6987
0.22320818901062012
7763
0.23566818237304688
8539
0.2485520839691162
9273
0.2584671974182129
10007
0.28848910331726074
10006
0.28859519958496094
0
735
0.21452808380126953
1469
0.214616060256958
2203
0.21466302871704102
2937
0.2147080898284912
3224
0.2147510051727295
3511
0.21479296684265137
3798
0.21483302116394043
4085
0.21487903594970703
4372
0.21491789817810059
4659
0.21495699882507324
5435
0.2150130271911621
6211
0.21505403518676758
6987
0.22341704368591309
7763
0.23531699180603027
8539
0.2479250431060791
9273
0.26154303550720215
10007
0.288830041885376
10006
0.28891897201538086
0
735
0.2137739658355713
1469
0.21385812759399414
2203
0.21390390396118164
2937
0.21394705772399902
3224
0.2139899730682373
3511
0.21402907371520996
3798
0.21407008171081543
4085
0.21411395072937012
4372
0.21415495872497559
4659
0.2141869068145752
5435
0.2142319679260254
6211
0.21427297592163086
6987
0.22221994400024414
7763
0.23441100120544434
8539
0.24718403816223145
9273
0.2570610046386719
10007
0.28724098205566406
10006
0.28733205795288086
0
735
0.21434497833251953
1469
0.2144320011138916
2203
0.21448802947998047
2937
0.21453094482421875
3224
0.21457314491271973
3511
0.2146151065826416
3798
0.21465516090393066
4085
0.21469998359680176
4372
0.21474003791809082
4659
0.21479511260986328
5435
0.2148420810699463
6211
0.21488404273986816
6987
0.222426176071167
7763
0.23504996299743652
8539
0.24791908264160156
9273
0.2546041011810303
10007
0.2838621139526367
10006
0.2839529514312744
0
735
0.21445703506469727
1469
0.2145400047302246
2203
0.2145979404449463
2937
0.2146458625793457
3224
0.21469402313232422
3511
0.21474289894104004
3798
0.21477890014648438
4085
0.21482586860656738
4372
0.21486687660217285
4659
0.21490693092346191
5435
0.2149519920349121
6211
0.21499395370483398
6987
0.22268390655517578
7763
0.2349839210510254
8539
0.24791908264160156
9273
0.2573089599609375
10007
0.28412699699401855
10006
0.28421902656555176
0
735
0.21608400344848633
1469
0.21616697311401367
2203
0.21621298789978027
2937
0.21625614166259766
3224
0.21629714965820312
3511
0.21633696556091309
3798
0.21637701988220215
4085
0.21642208099365234
4372
0.2164621353149414
4659
0.21650099754333496
5435
0.21654605865478516
6211
0.21658802032470703
6987
0.22424817085266113
7763
0.2372121810913086
8539
0.24919795989990234
9273
0.25843095779418945
10007
0.2804250717163086
10006
0.2805140018463135
0
735
0.2137889862060547
1469
0.21387100219726562
2203
0.21392393112182617
2937
0.21396493911743164
3224
0.21400690078735352
3511
0.21404695510864258
3798
0.21408700942993164
4085
0.21413087844848633
4372
0.21418094635009766
4659
0.21422100067138672
5435
0.2142648696899414
6211
0.21430587768554688
6987
0.22252893447875977
7763
0.23458003997802734
8539
0.2473599910736084
9273
0.2573280334472656
10007
0.28004908561706543
10006
0.2801399230957031
0
735
0.21553421020507812
1469
0.21561622619628906
2203
0.2156691551208496
2937
0.21571111679077148
3224
0.21575403213500977
3511
0.21579504013061523
3798
0.2158350944519043
4085
0.2158811092376709
4372
0.21592020988464355
4659
0.21598315238952637
5435
0.21603012084960938
6211
0.21607112884521484
6987
0.2243671417236328
7763
0.23604822158813477
8539
0.24867916107177734
9273
0.2581450939178467
10007
0.2806870937347412
10006
0.2807800769805908
0
735
0.21852803230285645
1469
0.2186119556427002
2203
0.2186570167541504
2937
0.21869993209838867
3224
0.21874094009399414
3511
0.2187809944152832
3798
0.21882200241088867
4085
0.21886992454528809
4372
0.2189159393310547
4659
0.21895503997802734
5435
0.21900010108947754
6211
0.219041109085083
6987
0.22791504859924316
7763
0.23977398872375488
8539
0.25304293632507324
9273
0.26288795471191406
10007
0.2839651107788086
10006
0.28406405448913574
0
735
0.2238330841064453
1469
0.2239229679107666
2203
0.22397994995117188
2937
0.22402596473693848
3224
0.22407007217407227
3511
0.22411513328552246
3798
0.22415614128112793
4085
0.22420215606689453
4372
0.2242419719696045
4659
0.22428107261657715
5435
0.22432708740234375
6211
0.22436809539794922
6987
0.23168015480041504
7763
0.2451620101928711
8539
0.25716710090637207
9273
0.26664209365844727
10007
0.28284597396850586
10006
0.28296399116516113
0
735
0.21497797966003418
1469
0.21506309509277344
2203
0.2151169776916504
2937
0.21515893936157227
3224
0.21520090103149414
3511
0.2152400016784668
3798
0.215285062789917
4085
0.2153301239013672
4372
0.21536993980407715
4659
0.2154090404510498
5435
0.2154529094696045
6211
0.21549391746520996
6987
0.22282695770263672
7763
0.23558592796325684
8539
0.24832797050476074
9273
0.25884509086608887
10007
0.2823951244354248
10006
0.28249502182006836
0
735
0.21805310249328613
1469
0.2181551456451416
2203
0.21821212768554688
2937
0.21825718879699707
3224
0.21830296516418457
3511
0.21834516525268555
3798
0.21838712692260742
4085
0.21843504905700684
4372
0.2184770107269287
4659
0.21851801872253418
5435
0.2185661792755127
6211
0.21860909461975098
6987
0.22661304473876953
7763
0.23900198936462402
8539
0.25118207931518555
9273
0.2596249580383301
10007
0.2801229953765869
10006
0.28023314476013184
0
735
0.21393990516662598
1469
0.214033842086792
2203
0.21409106254577637
2937
0.21413493156433105
3224
0.21417999267578125
3511
0.21422290802001953
3798
0.21426606178283691
4085
0.21431398391723633
4372
0.21435999870300293
4659
0.2144029140472412
5435
0.2144620418548584
6211
0.21450591087341309
6987
0.2221379280090332
7763
0.23456883430480957
8539
0.24717187881469727
9273
0.2576148509979248
10007
0.2808418273925781
10006
0.2809460163116455
0
735
0.21568608283996582
1469
0.2157740592956543
2203
0.21582913398742676
2937
0.21587300300598145
3224
0.2159252166748047
3511
0.21596717834472656
3798
0.21600914001464844
4085
0.21605610847473145
4372
0.21609902381896973
4659
0.2161409854888916
5435
0.21618914604187012
6211
0.2162330150604248
6987
0.22417020797729492
7763
0.23626017570495605
8539
0.2493150234222412
9273
0.25949716567993164
10007
0.2825331687927246
10006
0.28264808654785156
0
735
0.21576905250549316
1469
0.21585988998413086
2203
0.21591591835021973
2937
0.215958833694458
3224
0.2160029411315918
3511
0.21604394912719727
3798
0.21609091758728027
4085
0.21613693237304688
4372
0.21617794036865234
4659
0.2162189483642578
5435
0.21626496315002441
6211
0.2163069248199463
6987
0.2240140438079834
7763
0.23639702796936035
8539
0.2493119239807129
9273
0.2605149745941162
10007
0.28375792503356934
10006
0.28385400772094727
0
735
0.21436786651611328
1469
0.21445584297180176
2203
0.21451497077941895
2937
0.21455883979797363
3224
0.21460294723510742
3511
0.21464300155639648
3798
0.21468400955200195
4085
0.21473002433776855
4372
0.21476984024047852
4659
0.21480989456176758
5435
0.2148590087890625
6211
0.2149028778076172
6987
0.2225949764251709
7763
0.23494601249694824
8539
0.24766182899475098
9273
0.2573559284210205
10007
0.28606295585632324
10006
0.2861769199371338
0
735
0.2154231071472168
1469
0.21550297737121582
2203
0.215562105178833
2937
0.21561002731323242
3224
0.21565794944763184
3511
0.21570205688476562
3798
0.2157430648803711
4085
0.2157881259918213
4372
0.21582508087158203
4659
0.21586394309997559
5435
0.21591401100158691
6211
0.2159559726715088
6987
0.22370696067810059
7763
0.23594403266906738
8539
0.2490079402923584
9273
0.25888800621032715
10007
0.2831001281738281
10006
0.283189058303833
0
735
0.21633005142211914
1469
0.2164149284362793
2203
0.21646785736083984
2937
0.21651101112365723
3224
0.2165539264678955
3511
0.21659302711486816
3798
0.21663689613342285
4085
0.21668386459350586
4372
0.21672391891479492
4659
0.21676301956176758
5435
0.21680808067321777
6211
0.21685004234313965
6987
0.2245938777923584
7763
0.23694801330566406
8539
0.24970006942749023
9273
0.25971293449401855
10007
0.28271007537841797
10006
0.28283190727233887
0
735
0.21513700485229492
1469
0.215224027633667
2203
0.21527695655822754
2937
0.21532392501831055
3224
0.21536707878112793
3511
0.215407133102417
3798
0.21544694900512695
4085
0.21549296379089355
4372
0.2155320644378662
4659
0.21557211875915527
5435
0.21561694145202637
6211
0.21566295623779297
6987
0.22339391708374023
7763
0.23592305183410645
8539
0.24846291542053223
9273
0.256695032119751
10007
0.28388094902038574
10006
0.284013032913208
0
735
0.21692991256713867
1469
0.21702194213867188
2203
0.21707582473754883
2937
0.2171189785003662
3224
0.21715593338012695
3511
0.21719694137573242
3798
0.21723699569702148
4085
0.21727585792541504
4372
0.21732282638549805
4659
0.21736383438110352
5435
0.21740984916687012
6211
0.217451810836792
6987
0.22515296936035156
7763
0.23751378059387207
8539
0.2501499652862549
9273
0.25749993324279785
10007
0.2834498882293701
10006
0.28357887268066406
0
735
0.2186119556427002
1469
0.21869516372680664
2203
0.2187490463256836
2937
0.21879196166992188
3224
0.21885299682617188
3511
0.21889805793762207
3798
0.21894001960754395
4085
0.21899008750915527
4372
0.21903014183044434
4659
0.2190699577331543
5435
0.2191150188446045
6211
0.21915602684020996
6987
0.2271280288696289
7763
0.2392749786376953
8539
0.25202393531799316
9273
0.261430025100708
10007
0.2816040515899658
10006
0.28169798851013184
0
735
0.21677303314208984
1469
0.21686387062072754
2203
0.21691083908081055
2937
0.21695399284362793
3224
0.21699786186218262
3511
0.21703791618347168
3798
0.21707701683044434
4085
0.21712183952331543
4372
0.2171628475189209
4659
0.21720194816589355
5435
0.21724700927734375
6211
0.21728086471557617
6987
0.22591900825500488
7763
0.2383098602294922
8539
0.2509629726409912
9273
0.25583386421203613
10007
0.2806680202484131
10006
0.28076791763305664
0
735
0.21593999862670898
1469
0.21602320671081543
2203
0.21607613563537598
2937
0.21611905097961426
3224
0.21616101264953613
3511
0.2162010669708252
3798
0.21624112129211426
4085
0.21628808975219727
4372
0.21632814407348633
4659
0.2163681983947754
5435
0.21641302108764648
6211
0.21645307540893555
6987
0.22382116317749023
7763
0.23712420463562012
8539
0.24936318397521973
9273
0.26093316078186035
10007
0.28568220138549805
10006
0.2857692241668701
0
735
0.21424412727355957
1469
0.2143239974975586
2203
0.21437716484069824
2937
0.21441912651062012
3224
0.2144620418548584
3511
0.21450304985046387
3798
0.21454310417175293
4085
0.21458911895751953
4372
0.2146291732788086
4659
0.21466803550720215
5435
0.21471309661865234
6211
0.21476101875305176
6987
0.22188210487365723
7763
0.23497414588928223
8539
0.25743699073791504
9273
0.2574892044067383
10007
0.28418421745300293
10006
0.28428006172180176
0
288
0.2148301601409912
575
0.21491098403930664
862
0.21495819091796875
1149
0.2149980068206787
1436
0.21503901481628418
1723
0.21508002281188965
2499
0.21512317657470703
3275
0.21516799926757812
4009
0.2152090072631836
4743
0.21525001525878906
5477
0.21530508995056152
6211
0.2153480052947998
6987
0.2238621711730957
7763
0.23617315292358398
8539
0.24902701377868652
9273
0.26049208641052246
10007
0.2812180519104004
10006
0.2813069820404053
0
288
0.21728086471557617
575
0.21736407279968262
862
0.21741199493408203
1149
0.21745800971984863
1436
0.21750092506408691
1723
0.2175450325012207
2499
0.21759605407714844
3275
0.21764588356018066
4009
0.2176980972290039
4743
0.2177419662475586
5477
0.21779394149780273
6211
0.21784496307373047
6987
0.22528290748596191
7763
0.23828697204589844
8539
0.2506439685821533
9273
0.2620370388031006
10007
0.28074193000793457
10006
0.2808358669281006
0
288
0.21632909774780273
575
0.21641111373901367
862
0.21645712852478027
1149
0.21649718284606934
1436
0.2165369987487793
1723
0.21657705307006836
2499
0.21661996841430664
3275
0.21666407585144043
4009
0.2167041301727295
4743
0.21674513816833496
5477
0.2167949676513672
6211
0.21683716773986816
6987
0.22492313385009766
7763
0.23772001266479492
8539
0.24977397918701172
9273
0.2646181583404541
10007
0.2848820686340332
10006
0.2849750518798828
0
288
0.21552395820617676
575
0.21561193466186523
862
0.2156658172607422
1149
0.2157118320465088
1436
0.21575188636779785
1723
0.21580100059509277
2499
0.21584296226501465
3275
0.21588683128356934
4009
0.2159268856048584
4743
0.21596693992614746
5477
0.21601486206054688
6211
0.21605587005615234
6987
0.22494101524353027
7763
0.23735785484313965
8539
0.24940800666809082
9273
0.2610328197479248
10007
0.28388285636901855
10006
0.28398990631103516
0
288
0.21741890907287598
575
0.2174999713897705
862
0.2175459861755371
1149
0.21758604049682617
1436
0.21762895584106445
1723
0.21766996383666992
2499
0.2177109718322754
3275
0.21775507926940918
4009
0.21779489517211914
4743
0.21784496307373047
5477
0.2178940773010254
6211
0.21793508529663086
6987
0.2256009578704834
7763
0.23835992813110352
8539
0.25122499465942383
9273
0.25898194313049316
10007
0.280519962310791
10006
0.2806220054626465
0
288
0.21542906761169434
575
0.21551108360290527
862
0.21556496620178223
1149
0.21561598777770996
1436
0.21565699577331543
1723
0.2156970500946045
2499
0.21573996543884277
3275
0.21578311920166016
4009
0.21582508087158203
4743
0.2158651351928711
5477
0.21591401100158691
6211
0.2159559726715088
6987
0.22525310516357422
7763
0.23688912391662598
8539
0.24962496757507324
9273
0.2595031261444092
10007
0.2843930721282959
10006
0.2844810485839844
0
288
0.22342801094055176
575
0.22350692749023438
862
0.22355413436889648
1149
0.22362208366394043
1436
0.22366714477539062
1723
0.22370004653930664
2499
0.22374296188354492
3275
0.2237849235534668
4009
0.22382497787475586
4743
0.22386598587036133
5477
0.22391510009765625
6211
0.22395610809326172
6987
0.23279809951782227
7763
0.24424505233764648
8497
0.25568413734436035
9273
0.2566030025482178
10007
0.2827179431915283
10006
0.2828249931335449
0
288
0.2191939353942871
575
0.21927499771118164
862
0.21932506561279297
1149
0.21936607360839844
1436
0.2194080352783203
1723
0.21944904327392578
2499
0.21949195861816406
3275
0.21953392028808594
4009
0.2195758819580078
4743
0.21961688995361328
5477
0.2196669578552246
6211
0.21970891952514648
6987
0.22751188278198242
7763
0.23958706855773926
8539
0.2522749900817871
9273
0.2616848945617676
10007
0.2840089797973633
10006
0.2841169834136963
0
288
0.21397089958190918
575
0.2140491008758545
862
0.21409988403320312
1149
0.2141408920288086
1436
0.21418404579162598
1723
0.21422600746154785
2499
0.21427202224731445
3275
0.21431803703308105
4009
0.21435999870300293
4743
0.21440386772155762
5477
0.21445989608764648
6211
0.21450495719909668
6987
0.22237586975097656
7763
0.23454809188842773
8539
0.24729394912719727
9273
0.2592289447784424
10007
0.28273797035217285
10006
0.28282904624938965
0
288
0.2181398868560791
575
0.21822404861450195
862
0.21827197074890137
1149
0.21831297874450684
1436
0.21836090087890625
1723
0.21840286254882812
2499
0.21844887733459473
3275
0.21849393844604492
4009
0.2185359001159668
4743
0.21857905387878418
5477
0.21863007545471191
6211
0.2186739444732666
6987
0.2257709503173828
7763
0.23912692070007324
8539
0.25166797637939453
9273
0.26177287101745605
10007
0.28246402740478516
10006
0.2825920581817627
0
288
0.2131209373474121
575
0.21320390701293945
862
0.21325087547302246
1149
0.21329188346862793
1436
0.2133328914642334
1723
0.21336603164672852
2499
0.21340298652648926
3275
0.21344709396362305
4009
0.21348905563354492
4743
0.2135460376739502
5477
0.21359992027282715
6211
0.21364402770996094
6987
0.22174596786499023
7763
0.23464107513427734
8539
0.24733901023864746
9273
0.26174306869506836
10007
0.28751087188720703
10006
0.2876169681549072
0
288
0.21493291854858398
575
0.21501803398132324
862
0.21506595611572266
1149
0.21510601043701172
1436
0.2151479721069336
1723
0.21518993377685547
2499
0.21523499488830566
3275
0.21527910232543945
4009
0.21532106399536133
4743
0.2153630256652832
5477
0.21541500091552734
6211
0.21545791625976562
6987
0.22318005561828613
7763
0.23636698722839355
8539
0.24882292747497559
9273
0.25965309143066406
10007
0.2823328971862793
10006
0.2824559211730957
0
288
0.21621394157409668
575
0.21629905700683594
862
0.21634888648986816
1149
0.21638989448547363
1436
0.21643304824829102
1723
0.2164750099182129
2499
0.21654295921325684
3275
0.21659207344055176
4009
0.21663594245910645
4743
0.21667098999023438
5477
0.2167220115661621
6211
0.2167658805847168
6987
0.22425389289855957
7763
0.23674798011779785
8539
0.24955201148986816
9273
0.2582850456237793
10007
0.2816779613494873
10006
0.28179097175598145
0
288
0.21387004852294922
575
0.21395111083984375
862
0.21399998664855957
1149
0.21404194831848145
1436
0.21408414840698242
1723
0.2141270637512207
2499
0.21416306495666504
3275
0.21420907974243164
4009
0.21425199508666992
4743
0.2142961025238037
5477
0.21434807777404785
6211
0.21439313888549805
6987
0.22178411483764648
7763
0.23425602912902832
8539
0.24753594398498535
9273
0.2582399845123291
10007
0.2817800045013428
10006
0.28189516067504883
0
288
0.21402788162231445
575
0.21410584449768066
862
0.21415400505065918
1149
0.21419906616210938
1436
0.21424102783203125
1723
0.2142808437347412
2499
0.2143239974975586
3275
0.21436786651611328
4009
0.21440887451171875
4743
0.2144489288330078
5477
0.21449804306030273
6211
0.2145390510559082
6987
0.2215728759765625
7763
0.23483800888061523
8539
0.24741196632385254
9273
0.25626206398010254
10007
0.28559398651123047
10006
0.28568005561828613
0
288
0.21317696571350098
575
0.21325898170471191
862
0.21330595016479492
1149
0.2133469581604004
1436
0.21338915824890137
1723
0.21343207359313965
2499
0.21347594261169434
3275
0.21352195739746094
4009
0.21356415748596191
4743
0.2136061191558838
5477
0.21365714073181152
6211
0.2137010097503662
6987
0.22231817245483398
7763
0.23436498641967773
8539
0.24693608283996582
9273
0.2592771053314209
10007
0.28155994415283203
10006
0.28165507316589355
