0
590
0.2318251132965088
1179
0.2319049835205078
1768
0.23195314407348633
2357
0.2319960594177246
2946
0.23203802108764648
3535
0.23207902908325195
4124
0.23212099075317383
4713
0.2321629524230957
5302
0.23220396041870117
5891
0.23224711418151855
6480
0.2322831153869629
7069
0.23232507705688477
7658
0.23236894607543945
8247
0.23308801651000977
8836
0.24571514129638672
9425
0.28445911407470703
10014
0.28543806076049805
10013
0.28553295135498047
0
590
0.22750186920166016
1179
0.227586030960083
1768
0.22764086723327637
2357
0.22768688201904297
2946
0.22773194313049316
3535
0.22777891159057617
4124
0.22782683372497559
4713
0.22786784172058105
5302
0.22791004180908203
5891
0.22795987129211426
6480
0.22800397872924805
7069
0.22804689407348633
7658
0.2281038761138916
8247
0.2287600040435791
8836
0.241163969039917
9425
0.25403285026550293
10014
0.2876288890838623
10013
0.2877218723297119
0
590
0.23346805572509766
1179
0.23355412483215332
1768
0.23360514640808105
2357
0.23365211486816406
2946
0.23369503021240234
3535
0.23373818397521973
4124
0.23378610610961914
4713
0.23382806777954102
5302
0.2338700294494629
5891
0.23392009735107422
6480
0.23396706581115723
7069
0.2340099811553955
7658
0.23405694961547852
8247
0.23577117919921875
8836
0.24820804595947266
9425
0.2606680393218994
10014
0.28669095039367676
10013
0.2867860794067383
0
590
0.23385095596313477
1179
0.23393011093139648
1768
0.2339789867401123
2357
0.2340240478515625
2946
0.2340681552886963
3535
0.23410916328430176
4124
0.23415517807006836
4713
0.23419809341430664
5302
0.23425817489624023
5891
0.2343130111694336
6480
0.23435616493225098
7069
0.23439908027648926
7658
0.23444294929504395
8247
0.23517513275146484
8836
0.2478771209716797
9425
0.2603321075439453
10014
0.2885420322418213
10013
0.2886371612548828
0
590
0.23446202278137207
1179
0.23454618453979492
1768
0.23460006713867188
2357
0.23465800285339355
2946
0.23470115661621094
3535
0.23474597930908203
4124
0.23479509353637695
4713
0.23483705520629883
5302
0.2348799705505371
5891
0.23493218421936035
6480
0.23497605323791504
7069
0.23501896858215332
7658
0.23508310317993164
8247
0.23514509201049805
8836
0.24797296524047852
9425
0.2599761486053467
10014
0.2923929691314697
10013
0.2924840450286865
0
590
0.23228788375854492
1179
0.23237299919128418
1768
0.23242688179016113
2357
0.23247385025024414
2946
0.2325148582458496
3535
0.23255586624145508
4124
0.2326068878173828
4713
0.23264789581298828
5302
0.23268890380859375
5891
0.23273801803588867
6480
0.23277997970581055
7069
0.23282289505004883
7658
0.23288702964782715
8247
0.23322606086730957
8836
0.24608492851257324
9425
0.2582850456237793
10014
0.28767991065979004
10013
0.28777503967285156
0
590
0.22868895530700684
1179
0.2287759780883789
1768
0.22882795333862305
2357
0.22887516021728516
2946
0.22891998291015625
3535
0.22897911071777344
4124
0.22903203964233398
4713
0.22907495498657227
5302
0.22911810874938965
5891
0.22916913032531738
6480
0.22921299934387207
7069
0.22925710678100586
7658
0.22930908203125
8247
0.22957110404968262
8836
0.2429640293121338
9425
0.2551400661468506
10014
0.28692102432250977
10013
0.28702211380004883
0
590
0.22830414772033691
1179
0.22838807106018066
1768
0.22843599319458008
2357
0.22848105430603027
2946
0.22852206230163574
3535
0.2285621166229248
4124
0.22861313819885254
4713
0.2286529541015625
5302
0.2286989688873291
5891
0.22874808311462402
6480
0.2287900447845459
7069
0.22883105278015137
7658
0.2288799285888672
8247
0.22902512550354004
8836
0.2415599822998047
9425
0.25375795364379883
10014
0.2897529602050781
10013
0.28984594345092773
0
590
0.22819304466247559
1179
0.22827410697937012
1768
0.22832202911376953
2357
0.22836804389953613
2946
0.2284090518951416
3535
0.22845101356506348
4124
0.22849798202514648
4713
0.22853994369506836
5302
0.22858095169067383
5891
0.22863101959228516
6480
0.22867393493652344
7069
0.22870802879333496
7658
0.2287580966949463
8247
0.2291250228881836
8836
0.24243903160095215
9425
0.2545311450958252
10014
0.28148913383483887
10013
0.2815849781036377
0
590
0.23101305961608887
1179
0.2310950756072998
1768
0.23114395141601562
2357
0.23118901252746582
2946
0.2312309741973877
3535
0.23127198219299316
4124
0.23131895065307617
4713
0.23135900497436523
5302
0.23140597343444824
5891
0.23145508766174316
6480
0.23149609565734863
7069
0.2315380573272705
7658
0.23158812522888184
8247
0.23165202140808105
8836
0.24470996856689453
9425
0.2573890686035156
10014
0.2863919734954834
10013
0.28649210929870605
0
590
0.22861218452453613
1179
0.22869110107421875
1768
0.22873997688293457
2357
0.22878503799438477
2946
0.22882604598999023
3535
0.22887015342712402
4124
0.22891712188720703
4713
0.2289571762084961
5302
0.22899699211120605
5891
0.22905206680297852
6480
0.2290949821472168
7069
0.22913599014282227
7658
0.2293691635131836
8247
0.2295520305633545
8836
0.242401123046875
9425
0.2546119689941406
10014
0.2819809913635254
10013
0.282073974609375
0
590
0.2291879653930664
1179
0.22925996780395508
1768
0.22930908203125
2357
0.2293550968170166
2946
0.22939705848693848
3535
0.22943997383117676
4124
0.22948598861694336
4713
0.22952699661254883
5302
0.2295680046081543
5891
0.22961807250976562
6480
0.2296600341796875
7069
0.22970294952392578
7658
0.2297530174255371
8247
0.23002910614013672
8836
0.242872953414917
9425
0.2556169033050537
10014
0.28698110580444336
10013
0.28707098960876465
0
590
0.21341800689697266
1179
0.21352195739746094
1768
0.21357393264770508
2357
0.21361994743347168
2946
0.21366190910339355
3535
0.21370291709899902
4124
0.21375799179077148
4713
0.21379899978637695
5302
0.21384096145629883
5891
0.21389102935791016
6480
0.21393299102783203
7069
0.21468400955200195
7658
0.22103190422058105
8247
0.2244129180908203
8836
0.22721600532531738
9425
0.2398228645324707
10014
0.28728294372558594
10013
0.28737401962280273
0
590
0.21929121017456055
1179
0.21936321258544922
1768
0.21941208839416504
2357
0.21945714950561523
2946
0.2194981575012207
3535
0.21953916549682617
4124
0.21958613395690918
4713
0.21963119506835938
5302
0.21967220306396484
5891
0.21972107887268066
6480
0.21976304054260254
7069
0.2212982177734375
7658
0.22568011283874512
8247
0.22801709175109863
8836
0.2333672046661377
9425
0.24587321281433105
10014
0.28703999519348145
10013
0.2871370315551758
0
590
0.22299599647521973
1179
0.22307181358337402
1768
0.22311997413635254
2357
0.22316479682922363
2946
0.22321200370788574
3535
0.2232530117034912
4124
0.22329998016357422
4713
0.2233409881591797
5302
0.22338080406188965
5891
0.22342896461486816
6480
0.22347092628479004
7069
0.2239699363708496
7658
0.22404694557189941
8247
0.23172402381896973
8836
0.23632597923278809
9425
0.2491447925567627
10014
0.29395389556884766
10013
0.29404401779174805
0
590
0.21333885192871094
1179
0.21341395378112793
1768
0.21346592903137207
2357
0.21351194381713867
2946
0.21355295181274414
3535
0.21359586715698242
4124
0.21363401412963867
4713
0.21367502212524414
5302
0.2137148380279541
5891
0.21376395225524902
6480
0.2138059139251709
7069
0.2145528793334961
7658
0.2216019630432129
8247
0.2271289825439453
8836
0.2294769287109375
9425
0.2394719123840332
10014
0.28101491928100586
10013
0.28110289573669434
0
590
0.22677993774414062
1179
0.22685694694519043
1768
0.22690510749816895
2357
0.2269749641418457
2946
0.2270200252532959
3535
0.22706103324890137
4124
0.22710895538330078
4713
0.22714805603027344
5302
0.2271881103515625
5891
0.22724008560180664
6480
0.2272810935974121
7069
0.22732210159301758
7658
0.2273719310760498
8247
0.22792506217956543
8836
0.24073410034179688
9425
0.25353503227233887
10014
0.2852489948272705
10013
0.2853400707244873
0
590
0.22685599327087402
1179
0.22693991661071777
1768
0.2269880771636963
2357
0.2270338535308838
2946
0.22707390785217285
3535
0.22711491584777832
4124
0.22716188430786133
4713
0.2272028923034668
5302
0.22724294662475586
5891
0.2272930145263672
6480
0.22734689712524414
7069
0.2273879051208496
7658
0.22849202156066895
8247
0.23081207275390625
8836
0.2408618927001953
9425
0.25330185890197754
10014
0.28050994873046875
10013
0.28060007095336914
0
590
0.2294158935546875
1179
0.22949790954589844
1768
0.22954487800598145
2357
0.22959089279174805
2946
0.2296299934387207
3535
0.22967004776000977
4124
0.22971606254577637
4713
0.22975587844848633
5302
0.22979497909545898
5891
0.2298429012298584
6480
0.2298870086669922
7069
0.22992897033691406
7658
0.22997689247131348
8247
0.23057198524475098
8836
0.24324798583984375
9425
0.25641894340515137
10014
0.2866179943084717
10013
0.2867090702056885
0
590
0.22817587852478027
1179
0.22826695442199707
1768
0.22831106185913086
2357
0.22835803031921387
2946
0.22840309143066406
3535
0.22844600677490234
4124
0.22849607467651367
4713
0.22853803634643555
5302
0.22858190536499023
5891
0.22863388061523438
6480
0.22867798805236816
7069
0.22872209548950195
7658
0.2287740707397461
8247
0.2294609546661377
8836
0.24214601516723633
9425
0.2543148994445801
10014
0.2833878993988037
10013
0.2835209369659424
0
590
0.22951292991638184
1179
0.2295999526977539
1768
0.2296450138092041
2357
0.2296907901763916
2946
0.22973179817199707
3535
0.22977495193481445
4124
0.22982192039489746
4713
0.22986292839050293
5302
0.2299039363861084
5891
0.22995281219482422
6480
0.2299950122833252
7069
0.23003697395324707
7658
0.23009085655212402
8247
0.2306509017944336
8836
0.2437129020690918
9425
0.25597190856933594
10014
0.2855238914489746
10013
0.28565001487731934
0
590
0.22721290588378906
1179
0.22730207443237305
1768
0.22735190391540527
2357
0.22739911079406738
2946
0.22744297981262207
3535
0.22748589515686035
4124
0.22756195068359375
4713
0.22760891914367676
5302
0.22765207290649414
5891
0.2277050018310547
6480
0.22775006294250488
7069
0.22779393196105957
7658
0.22784996032714844
8247
0.22808408737182617
8836
0.241347074508667
9425
0.2540249824523926
10014
0.27973508834838867
10013
0.2798628807067871
0
590
0.2295980453491211
1179
0.2296910285949707
1768
0.22974109649658203
2357
0.22978711128234863
2946
0.22983002662658691
3535
0.22987103462219238
4124
0.2299189567565918
4713
0.22997498512268066
5302
0.23001694679260254
5891
0.23006796836853027
6480
0.23011112213134766
7069
0.23015308380126953
7658
0.23020505905151367
8247
0.2302711009979248
8836
0.24297809600830078
9425
0.25546813011169434
10014
0.2808871269226074
10013
0.28100013732910156
0
590
0.227586030960083
1179
0.22767186164855957
1768
0.22771406173706055
2357
0.22776198387145996
2946
0.22780394554138184
3535
0.2278459072113037
4124
0.22789406776428223
4713
0.2279350757598877
5302
0.22797608375549316
5891
0.2280268669128418
6480
0.22806906700134277
7069
0.22811198234558105
7658
0.22816205024719238
8247
0.228226900100708
8836
0.24118685722351074
9425
0.25395798683166504
10014
0.28882503509521484
10013
0.28894686698913574
0
590
0.2313220500946045
1179
0.23140192031860352
1768
0.23145389556884766
2357
0.23149895668029785
2946
0.23154211044311523
3535
0.23157691955566406
4124
0.23162508010864258
4713
0.23166489601135254
5302
0.2317049503326416
5891
0.23175406455993652
6480
0.2317960262298584
7069
0.23182892799377441
7658
0.23187708854675293
8247
0.23194003105163574
8836
0.24484705924987793
9425
0.2566490173339844
10014
0.2867579460144043
10013
0.28685998916625977
0
590
0.22909116744995117
1179
0.22917413711547852
1768
0.2292170524597168
2357
0.229262113571167
2946
0.22930407524108887
3535
0.22934412956237793
4124
0.22939109802246094
4713
0.22943115234375
5302
0.22947120666503906
5891
0.2295210361480713
6480
0.22956204414367676
7069
0.22960305213928223
7658
0.22965121269226074
8247
0.23050403594970703
8836
0.24293112754821777
9425
0.25516510009765625
10014
0.2842731475830078
10013
0.28436899185180664
0
590
0.22723007202148438
1179
0.22731614112854004
1768
0.22736597061157227
2357
0.22741413116455078
2946
0.22745800018310547
3535
0.22749996185302734
4124
0.22755002975463867
4713
0.22759294509887695
5302
0.22763609886169434
5891
0.22768712043762207
6480
0.22773098945617676
7069
0.22777414321899414
7658
0.22783899307250977
8247
0.22790908813476562
8836
0.2403850555419922
9425
0.2528040409088135
10014
0.2870290279388428
10013
0.28716301918029785
0
590
0.22790288925170898
1179
0.22798490524291992
1768
0.22803497314453125
2357
0.22808098793029785
2946
0.22812294960021973
3535
0.2281639575958252
4124
0.22821688652038574
4713
0.22825884819030762
5302
0.22829985618591309
5891
0.22834992408752441
6480
0.2283928394317627
7069
0.22843503952026367
7658
0.2284860610961914
8247
0.22885394096374512
8836
0.24162507057189941
9425
0.25421786308288574
10014
0.2835369110107422
10013
0.28363990783691406
0
590
0.22768688201904297
1179
0.22777891159057617
1768
0.2278280258178711
2357
0.2278749942779541
2946
0.22791695594787598
3535
0.22796010971069336
4124
0.2280130386352539
4713
0.22805500030517578
5302
0.22809696197509766
5891
0.2281479835510254
6480
0.22818994522094727
7069
0.22823309898376465
7658
0.22828388214111328
8247
0.22842693328857422
8836
0.2408440113067627
9425
0.2532680034637451
10014
0.28304290771484375
10013
0.28313302993774414
0
590
0.22640585899353027
1179
0.22649884223937988
1768
0.226546049118042
2357
0.22659087181091309
2946
0.22663283348083496
3535
0.22667384147644043
4124
0.22672104835510254
4713
0.22678589820861816
5302
0.22683191299438477
5891
0.2268819808959961
6480
0.22692298889160156
7069
0.22696399688720703
7658
0.22794699668884277
8247
0.23053503036499023
8836
0.24039483070373535
9425
0.2532789707183838
10014
0.28478002548217773
10013
0.28487086296081543
0
590
0.2267770767211914
1179
0.22686314582824707
1768
0.2269120216369629
2357
0.2269589900970459
2946
0.22700119018554688
3535
0.22704219818115234
4124
0.22709107398986816
4713
0.22713208198547363
5302
0.2271740436553955
5891
0.22722411155700684
6480
0.22726702690124512
7069
0.227308988571167
7658
0.22736120223999023
8247
0.22742414474487305
8836
0.24007606506347656
9425
0.25274109840393066
10014
0.28177714347839355
10013
0.28188300132751465
0
590
0.2248828411102295
1179
0.22496581077575684
1768
0.2250077724456787
2357
0.2250528335571289
2946
0.2250959873199463
3535
0.22513890266418457
4124
0.22518587112426758
4713
0.22522592544555664
5302
0.2252659797668457
5891
0.22531485557556152
6480
0.2253568172454834
7069
0.2254018783569336
7658
0.2262258529663086
8247
0.22639799118041992
8836
0.23898983001708984
9425
0.25123095512390137
10014
0.2809598445892334
10013
0.2810549736022949
0
590
0.2335491180419922
1179
0.23363399505615234
1768
0.2336869239807129
2357
0.2337329387664795
2946
0.23377513885498047
3535
0.23381710052490234
4124
0.23386406898498535
4713
0.23390507698059082
5302
0.2339470386505127
5891
0.23399591445922852
6480
0.23403692245483398
7069
0.23407912254333496
7658
0.2341289520263672
8247
0.2341921329498291
8836
0.2468700408935547
9425
0.2593059539794922
10014
0.28595900535583496
10013
0.28606510162353516
0
590
0.24149680137634277
1179
0.24158287048339844
1768
0.24163198471069336
2357
0.24167799949645996
2946
0.24171996116638184
3535
0.2417609691619873
4124
0.24180889129638672
4713
0.2418498992919922
5302
0.24189090728759766
5891
0.2419419288635254
6480
0.241987943649292
7069
0.24202990531921387
7658
0.2420790195465088
8247
0.2427978515625
8836
0.25551295280456543
9425
0.2683899402618408
10014
0.3006458282470703
10013
0.3007359504699707
0
590
0.23320293426513672
1179
0.2332899570465088
1768
0.23334002494812012
2357
0.23338603973388672
2946
0.2334280014038086
3535
0.23346996307373047
4124
0.23351812362670898
4713
0.23356008529663086
5302
0.2335951328277588
5891
0.23364591598510742
6480
0.2336890697479248
7069
0.2337360382080078
7658
0.23378801345825195
8247
0.2339780330657959
8836
0.2472989559173584
9425
0.25951504707336426
10014
0.2835969924926758
10013
0.2836909294128418
0
590
0.2344799041748047
1179
0.23456883430480957
1768
0.2346208095550537
2357
0.23466801643371582
2946
0.2347099781036377
3535
0.23475384712219238
4124
0.2348029613494873
4713
0.23484492301940918
5302
0.23488783836364746
5891
0.2349379062652588
6480
0.23497986793518066
7069
0.23502302169799805
7658
0.23507380485534668
8247
0.2357039451599121
8836
0.24814295768737793
9425
0.26079487800598145
10014
0.2922048568725586
10013
0.2922978401184082
0
590
0.2322549819946289
1179
0.2323319911956787
1768
0.23238110542297363
2357
0.23242712020874023
2946
0.23247098922729492
3535
0.2325131893157959
4124
0.23256397247314453
4713
0.2326061725616455
5302
0.23265314102172852
5891
0.23270416259765625
6480
0.23274707794189453
7069
0.2327890396118164
7658
0.23283910751342773
8247
0.23293018341064453
8836
0.24538016319274902
9425
0.2579071521759033
10014
0.28163719177246094
10013
0.2817261219024658
0
590
0.22970294952392578
1179
0.22978711128234863
1768
0.22983694076538086
2357
0.22988414764404297
2946
0.22992706298828125
3535
0.22996807098388672
4124
0.23001503944396973
4713
0.2300570011138916
5302
0.23009800910949707
5891
0.2301490306854248
6480
0.23019194602966309
7069
0.23023509979248047
7658
0.2302861213684082
8247
0.23168015480041504
8836
0.24334406852722168
9425
0.2556331157684326
10014
0.2862570285797119
10013
0.2863450050354004
0
590
0.22781109809875488
1179
0.2278900146484375
1768
0.22793912887573242
2357
0.22798514366149902
2946
0.2280280590057373
3535
0.22807097434997559
4124
0.2281200885772705
4713
0.22816205024719238
5302
0.22820401191711426
5891
0.22825407981872559
6480
0.22829794883728027
7069
0.22834110260009766
7658
0.2283921241760254
8247
0.22845697402954102
8836
0.24111509323120117
9425
0.2535989284515381
10014
0.2858850955963135
10013
0.2859771251678467
0
590
0.23061180114746094
1179
0.23069381713867188
1768
0.2307438850402832
2357
0.2307908535003662
2946
0.23083281517028809
3535
0.23087501525878906
4124
0.23092198371887207
4713
0.23096299171447754
5302
0.23100495338439941
5891
0.2310478687286377
6480
0.23109102249145508
7069
0.23113393783569336
7658
0.23129582405090332
8247
0.23726201057434082
8836
0.24463891983032227
9425
0.25662899017333984
10014
0.29233884811401367
10013
0.2924327850341797
0
590
0.21319293975830078
1179
0.21326899528503418
1768
0.21332192420959473
2357
0.21336698532104492
2946
0.2134099006652832
3535
0.21345090866088867
4124
0.21349787712097168
4713
0.21353793144226074
5302
0.21357989311218262
5891
0.21362996101379395
6480
0.21367287635803223
7069
0.21458983421325684
7658
0.223175048828125
8247
0.22416186332702637
8836
0.22728490829467773
9425
0.2395799160003662
10014
0.2797389030456543
10013
0.2798340320587158
0
590
0.21982312202453613
1179
0.21991205215454102
1768
0.2199540138244629
2357
0.2200000286102295
2946
0.22004222869873047
3535
0.22008419036865234
4124
0.22013211250305176
4713
0.22017407417297363
5302
0.2202160358428955
5891
0.22026705741882324
6480
0.22031116485595703
7069
0.22081708908081055
7658
0.22521305084228516
8247
0.226060152053833
8836
0.233612060546875
9425
0.2464430332183838
10014
0.28551721572875977
10013
0.28560900688171387
0
590
0.21392393112182617
1179
0.2140181064605713
1768
0.21406912803649902
2357
0.21411609649658203
2946
0.2141590118408203
3535
0.2142019271850586
4124
0.2142491340637207
4713
0.21428894996643066
5302
0.21433091163635254
5891
0.21438097953796387
6480
0.21442413330078125
7069
0.2144930362701416
7658
0.22049808502197266
8247
0.22147798538208008
8836
0.2272200584411621
9425
0.2396090030670166
10014
0.2848360538482666
10013
0.2849619388580322
0
590
0.21347594261169434
1179
0.21355295181274414
1768
0.21360301971435547
2357
0.21364998817443848
2946
0.21369194984436035
3535
0.21373295783996582
4124
0.21378707885742188
4713
0.21382904052734375
5302
0.21387100219726562
5891
0.21392107009887695
6480
0.21396398544311523
7069
0.2142479419708252
7658
0.2231910228729248
8247
0.2244129180908203
8836
0.2272939682006836
9425
0.23961496353149414
10014
0.2804450988769531
10013
0.28053998947143555
0
590
0.260347843170166
1179
0.2604348659515381
1768
0.26049089431762695
2357
0.2605400085449219
2946
0.26058387756347656
3535
0.26062679290771484
4124
0.26067590713500977
4713
0.26071786880493164
5302
0.260761022567749
5891
0.2608180046081543
6480
0.2608628273010254
7069
0.2609069347381592
7658
0.2609589099884033
8247
0.26102590560913086
8836
0.2737159729003906
9425
0.2863349914550781
10014
0.31189799308776855
10013
0.311992883682251
0
590
0.22518086433410645
1179
0.2252650260925293
1768
0.22531580924987793
2357
0.22536301612854004
2946
0.22540497779846191
3535
0.2254478931427002
4124
0.22549700736999512
4713
0.225538969039917
5302
0.2255859375
5891
0.22564291954040527
6480
0.225693941116333
7069
0.2257390022277832
7658
0.22581195831298828
8247
0.2279808521270752
8836
0.2382678985595703
9425
0.25090479850769043
10014
0.2834808826446533
10013
0.28357386589050293
0
590
0.22595500946044922
1179
0.22604084014892578
1768
0.2260899543762207
2357
0.2261359691619873
2946
0.22617697715759277
3535
0.22621679306030273
4124
0.2262589931488037
4713
0.22629880905151367
5302
0.22634387016296387
5891
0.2263929843902588
6480
0.22643494606018066
7069
0.22647690773010254
7658
0.22652697563171387
8247
0.22687578201293945
8836
0.23976898193359375
9425
0.25224995613098145
10014
0.2829318046569824
10013
0.2830319404602051
0
590
0.22961807250976562
1179
0.22969698905944824
1768
0.2297370433807373
2357
0.2297821044921875
2946
0.22982311248779297
3535
0.22986316680908203
4124
0.22991609573364258
4713
0.22995710372924805
5302
0.2299971580505371
5891
0.23005199432373047
6480
0.23009419441223145
7069
0.23013997077941895
7658
0.23018908500671387
8247
0.23025107383728027
8836
0.2428741455078125
9425
0.2557370662689209
10014
0.28078317642211914
10013
0.2808871269226074
0
590
0.23366999626159668
1179
0.2337479591369629
1768
0.23378896713256836
2357
0.23383378982543945
2946
0.23387384414672852
3535
0.23391485214233398
4124
0.233961820602417
4713
0.23400092124938965
5302
0.2340409755706787
5891
0.23409485816955566
6480
0.23413681983947754
7069
0.23418283462524414
7658
0.234238862991333
8247
0.23430585861206055
8836
0.24718499183654785
9425
0.25997281074523926
10014
0.28240299224853516
10013
0.2825038433074951
0
590
0.22861599922180176
1179
0.22869300842285156
1768
0.22874212265014648
2357
0.2287900447845459
2946
0.22883296012878418
3535
0.22887706756591797
4124
0.22892308235168457
4713
0.22896409034729004
5302
0.2290041446685791
5891
0.22905707359313965
6480
0.22909903526306152
7069
0.229140043258667
7658
0.22919511795043945
8247
0.22923803329467773
8836
0.2405989170074463
9425
0.25434207916259766
10014
0.2825019359588623
10013
0.2825939655303955
