0
659
0.0022399425506591797
1317
0.0024628639221191406
1975
0.0025539398193359375
2633
0.0027458667755126953
3291
0.0028040409088134766
3875
0.002846956253051758
4459
0.002914905548095703
5043
0.003000974655151367
5627
0.003131866455078125
6285
0.003206014633178711
6868
0.003393888473510742
7452
0.0034890174865722656
8035
0.003565073013305664
8947
0.0036399364471435547
9859
0.003690958023071289
10442
0.003805875778198242
11100
0.003877878189086914
11758
0.003930091857910156
12416
0.003982067108154297
13000
0.0040509700775146484
13912
0.004111051559448242
14823
0.004208087921142578
15481
0.004312038421630859
16064
0.004369020462036133
16975
0.004427909851074219
17558
0.004536867141723633
18470
0.004600048065185547
19053
0.004661083221435547
19964
0.004764080047607422
20875
0.004829883575439453
21533
0.006833076477050781
22445
0.007281064987182617
23356
0.007824897766113281
24014
0.011400938034057617
0
659
0.0022950172424316406
1317
0.0023679733276367188
1975
0.0024209022521972656
2633
0.0024728775024414062
3217
0.002521038055419922
3801
0.0025670528411865234
4385
0.002680063247680664
4969
0.002727985382080078
5881
0.002775907516479492
6793
0.0028450489044189453
7376
0.0029439926147460938
8288
0.0029969215393066406
8871
0.0030469894409179688
9454
0.003097057342529297
10038
0.003175020217895508
10949
0.0032351016998291016
11533
0.0033431053161621094
12445
0.0034160614013671875
13357
0.003473043441772461
14268
0.0035669803619384766
14926
0.0036270618438720703
15584
0.0037069320678710938
16167
0.0038149356842041016
16750
0.003901958465576172
17661
0.004002094268798828
18319
0.004072904586791992
18977
0.0041370391845703125
19888
0.0042340755462646484
20471
0.00429987907409668
21382
0.00439000129699707
22040
0.005171060562133789
22698
0.009553909301757812
23356
1.4427340030670166
24014
1.4428980350494385
0
659
0.0021431446075439453
1317
0.0022211074829101562
1901
0.002337932586669922
2559
0.0023920536041259766
3217
0.0024449825286865234
3801
0.0024869441986083984
4713
0.0025670528411865234
5297
0.0026140213012695312
5881
0.0026810169219970703
6465
0.0027990341186523438
7377
0.002849102020263672
8289
0.0029020309448242188
8872
0.003011941909790039
9784
0.003103017807006836
10367
0.0031790733337402344
10951
0.003231048583984375
11862
0.003283977508544922
12520
0.0033791065216064453
13432
0.0034379959106445312
14015
0.003492116928100586
14926
0.0035779476165771484
15837
0.0037000179290771484
16495
0.0037910938262939453
17153
0.0038590431213378906
17736
0.003945112228393555
18394
0.004040956497192383
19052
0.0041141510009765625
19635
0.004225015640258789
20218
0.004290103912353516
21129
0.004359006881713867
22040
0.00451207160949707
22698
0.004617929458618164
23356
0.005170106887817383
24014
0.00964498519897461
0
659
0.0022461414337158203
1317
0.002317190170288086
1975
0.002370119094848633
2559
0.0024220943450927734
3217
0.0025451183319091797
3801
0.002593994140625
4385
0.002651214599609375
4969
0.0026941299438476562
5881
0.002741098403930664
6539
0.0028030872344970703
7122
0.00292205810546875
7705
0.002969980239868164
8289
0.0030341148376464844
8873
0.0030829906463623047
9785
0.003135204315185547
10697
0.0032072067260742188
11280
0.003316164016723633
12192
0.0033721923828125
13104
0.003443002700805664
14015
0.0034990310668945312
14598
0.003583192825317383
15509
0.003692150115966797
16167
0.003773212432861328
17078
0.003882169723510742
17736
0.0039501190185546875
18319
0.0040111541748046875
18977
0.004110097885131836
19560
0.004178047180175781
20218
0.0042400360107421875
21129
0.004348039627075195
21787
0.004415035247802734
22698
0.0045130252838134766
23356
0.005347013473510742
24014
0.009813070297241211
0
659
0.002028942108154297
1317
0.002162933349609375
1901
0.002218008041381836
2559
0.0022690296173095703
3471
0.002404928207397461
4129
0.0024518966674804688
4787
0.0024950504302978516
5371
0.0025548934936523438
5955
0.002599954605102539
6539
0.0026788711547851562
7451
0.0027430057525634766
8034
0.0028450489044189453
8946
0.002897977828979492
9530
0.0029480457305908203
10114
0.0030450820922851562
11025
0.0031249523162841797
11608
0.0031778812408447266
12191
0.0032770633697509766
13103
0.0033528804779052734
13761
0.0034110546112060547
14344
0.003493070602416992
15255
0.0035970211029052734
16167
0.0036818981170654297
17078
0.0037648677825927734
17661
0.0038499832153320312
18319
0.0039310455322265625
18977
0.004021883010864258
19560
0.004107952117919922
20218
0.004208087921142578
20876
0.004277944564819336
21787
0.004414081573486328
22698
0.004489898681640625
23356
0.0050508975982666016
24014
0.009433984756469727
0
659
0.0020449161529541016
1317
0.002115964889526367
1975
0.0022509098052978516
2633
0.0023069381713867188
3291
0.002360820770263672
3875
0.0024039745330810547
4459
0.002446889877319336
5043
0.0025599002838134766
5627
0.0026068687438964844
6539
0.002655029296875
7123
0.0027618408203125
8035
0.0028128623962402344
8619
0.002936840057373047
9531
0.002989053726196289
10114
0.0030438899993896484
10697
0.0031249523162841797
11608
0.0031800270080566406
12191
0.0032830238342285156
13103
0.003340005874633789
14015
0.003398895263671875
14673
0.003489971160888672
15331
0.0035479068756103516
16242
0.0036728382110595703
16900
0.003885030746459961
17483
0.003952980041503906
18394
0.004015922546386719
18977
0.00412297248840332
19635
0.004187822341918945
20218
0.004253864288330078
21129
0.004348039627075195
21787
0.004418849945068359
22698
0.004506826400756836
23356
0.005070924758911133
24014
0.009413957595825195
0
659
0.0020940303802490234
1317
0.0023190975189208984
1901
0.002382993698120117
2485
0.0024421215057373047
3143
0.0024890899658203125
3801
0.002538919448852539
4459
0.0025970935821533203
5371
0.0026938915252685547
5955
0.002747058868408203
6539
0.002794027328491211
7122
0.0029098987579345703
7706
0.0029840469360351562
8290
0.0030341148376464844
9202
0.0030870437622070312
9785
0.0031440258026123047
10443
0.003278017044067383
11026
0.003392934799194336
11609
0.00350189208984375
12521
0.0035800933837890625
13433
0.003668069839477539
14091
0.0037369728088378906
15002
0.003873109817504883
15660
0.003983020782470703
16318
0.00404810905456543
17229
0.004127979278564453
18140
0.004194974899291992
18723
0.004307985305786133
19634
0.004389047622680664
20292
0.004456996917724609
20875
0.004528999328613281
21533
0.0052089691162109375
22445
0.005629062652587891
23356
0.0075321197509765625
24014
0.009475946426391602
0
659
0.0020439624786376953
1317
0.0021610260009765625
1901
0.0022149085998535156
2813
0.0023658275604248047
3397
0.002424001693725586
3981
0.0024788379669189453
4639
0.002521991729736328
5297
0.0025658607482910156
5955
0.002628803253173828
6867
0.0027239322662353516
7450
0.002775907516479492
8034
0.002833843231201172
8617
0.002972841262817383
9201
0.0030269622802734375
9785
0.003083944320678711
10696
0.0031709671020507812
11608
0.0032269954681396484
12520
0.0033369064331054688
13178
0.003393888473510742
13761
0.003448963165283203
14344
0.003506898880004883
15256
0.0036020278930664062
15839
0.003737926483154297
16750
0.003805875778198242
17408
0.0038738250732421875
18066
0.00397491455078125
18724
0.004041910171508789
19635
0.004105806350708008
20293
0.004208803176879883
21204
0.004297018051147461
21787
0.004367828369140625
22698
0.004463911056518555
23356
0.005168914794921875
24014
0.00968480110168457
0
659
0.002045869827270508
1243
0.002154827117919922
1901
0.002301931381225586
2559
0.002355813980102539
3217
0.002399921417236328
3875
0.0024437904357910156
4459
0.002500772476196289
5371
0.002597808837890625
5955
0.002646923065185547
6539
0.002711772918701172
7122
0.002791881561279297
8034
0.0028429031372070312
8618
0.0029778480529785156
9530
0.003059864044189453
10442
0.003114938735961914
11025
0.0031647682189941406
11609
0.003215789794921875
12192
0.0033109188079833984
13103
0.0033669471740722656
13761
0.0034317970275878906
14344
0.0035228729248046875
15255
0.0036039352416992188
16167
0.003694772720336914
17078
0.003821849822998047
17736
0.003920793533325195
18319
0.003985881805419922
18902
0.004091978073120117
19560
0.004155874252319336
20471
0.00426793098449707
21129
0.004333972930908203
21787
0.0044019222259521484
22698
0.004490852355957031
23356
0.005137920379638672
24014
0.009631872177124023
0
659
0.0020520687103271484
1317
0.0022399425506591797
1975
0.0022950172424316406
2559
0.0023479461669921875
3143
0.0023920536041259766
3801
0.0024399757385253906
4459
0.002496957778930664
5043
0.002604961395263672
5627
0.0026540756225585938
6539
0.002721071243286133
7123
0.0028481483459472656
8035
0.0029001235961914062
8947
0.0029709339141845703
9530
0.003049135208129883
10113
0.003103017807006836
10697
0.003155946731567383
11280
0.0032770633697509766
12191
0.0033371448516845703
13103
0.00339508056640625
14015
0.0034940242767333984
14598
0.003582000732421875
15256
0.0036449432373046875
16167
0.0037069320678710938
17078
0.0038199424743652344
17736
0.0038900375366210938
18319
0.003963947296142578
18977
0.004101991653442383
19635
0.004179954528808594
20218
0.004270076751708984
21129
0.004405021667480469
22040
0.0044820308685302734
22698
0.004550933837890625
23356
0.005131959915161133
24014
0.009675025939941406
0
659
0.0021200180053710938
1317
0.0022749900817871094
1975
0.0023298263549804688
2559
0.0023818016052246094
3143
0.002424955368041992
3801
0.0024738311767578125
4459
0.002585887908935547
5043
0.0026319026947021484
5627
0.0026760101318359375
6539
0.00273895263671875
7123
0.002839803695678711
8035
0.0028908252716064453
8947
0.0029668807983398438
9530
0.00308990478515625
10113
0.003142833709716797
10697
0.003192901611328125
11608
0.003245830535888672
12191
0.003348827362060547
13103
0.003407001495361328
14014
0.0035288333892822266
14925
0.003618955612182617
15837
0.0036787986755371094
16420
0.003757953643798828
17078
0.0038378238677978516
17661
0.0039370059967041016
18319
0.004019975662231445
18977
0.0041120052337646484
19560
0.004209995269775391
20218
0.004274845123291016
21129
0.0043828487396240234
21787
0.0044498443603515625
22698
0.00454401969909668
23356
0.0050258636474609375
24014
0.009367942810058594
0
659
0.002198934555053711
1317
0.0022819042205810547
1975
0.0023298263549804688
2633
0.002380847930908203
3291
0.002518892288208008
3875
0.0025649070739746094
4459
0.0026078224182128906
5043
0.002664804458618164
5955
0.0027120113372802734
6539
0.002803802490234375
7451
0.0028769969940185547
8035
0.0029239654541015625
8619
0.003039836883544922
9530
0.0030908584594726562
10442
0.0031478404998779297
11025
0.003228902816772461
11608
0.003281831741333008
12520
0.0033838748931884766
13103
0.0034389495849609375
14015
0.0034949779510498047
14673
0.003590822219848633
15331
0.003652811050415039
16242
0.003779888153076172
16900
0.0038728713989257812
17483
0.003963947296142578
18394
0.004026889801025391
19052
0.0041348934173583984
19710
0.004198789596557617
20293
0.004289865493774414
21204
0.004375934600830078
21787
0.00444793701171875
22698
0.0045468807220458984
23356
0.005118846893310547
24014
0.009590864181518555
0
659
0.0020890235900878906
1317
0.0022580623626708984
1975
0.0023260116577148438
2633
0.0023779869079589844
3291
0.002421140670776367
3875
0.002465963363647461
4459
0.0025441646575927734
5043
0.002640962600708008
5627
0.0026960372924804688
6539
0.002760171890258789
7122
0.002871990203857422
8034
0.0029239654541015625
8946
0.0029909610748291016
9530
0.0030660629272460938
10114
0.003116130828857422
11026
0.0032300949096679688
11938
0.0032880306243896484
12521
0.0034601688385009766
13179
0.0036191940307617188
13762
0.0037050247192382812
14345
0.003770112991333008
15256
0.003834962844848633
15914
0.004003047943115234
16825
0.0040721893310546875
17736
0.004137992858886719
18319
0.004203081130981445
18977
0.004350185394287109
19888
0.004433155059814453
20546
0.0045011043548583984
21204
0.0045740604400634766
21787
0.004642963409423828
22698
0.004737138748168945
23356
0.00528407096862793
24014
0.009762048721313477
0
659
0.002064228057861328
1317
0.0022211074829101562
1975
0.002273082733154297
2633
0.0023250579833984375
3291
0.002379179000854492
3875
0.0024220943450927734
4787
0.0025222301483154297
5371
0.0025861263275146484
5955
0.00263214111328125
6539
0.0027282238006591797
7123
0.0027980804443359375
8035
0.0028471946716308594
8946
0.0029571056365966797
9858
0.0030450820922851562
10441
0.0031180381774902344
11024
0.0031731128692626953
11608
0.003236055374145508
12191
0.0033490657806396484
13103
0.003407001495361328
13761
0.0034630298614501953
14672
0.003559112548828125
15583
0.00374603271484375
16241
0.0038080215454101562
16899
0.0038750171661376953
17482
0.003976106643676758
18140
0.004043102264404297
19052
0.004106044769287109
19710
0.004216194152832031
20293
0.004281044006347656
20876
0.004351139068603516
21787
0.0044481754302978516
22698
0.004522085189819336
23356
0.005068063735961914
24014
0.009456157684326172
0
659
0.00215911865234375
1317
0.0023429393768310547
1975
0.002401113510131836
2633
0.0024521350860595703
3291
0.0024950504302978516
3875
0.0025391578674316406
4459
0.002588987350463867
5043
0.0026900768280029297
5627
0.0027370452880859375
6539
0.00279998779296875
7451
0.002846956253051758
8035
0.0029489994049072266
8947
0.003013134002685547
9530
0.003091096878051758
10113
0.003141164779663086
10697
0.003194093704223633
11609
0.0032999515533447266
12520
0.0033559799194335938
13103
0.0034110546112060547
13761
0.0034940242767333984
14672
0.0035860538482666016
15583
0.0036630630493164062
16495
0.0037441253662109375
17078
0.003824949264526367
17661
0.0039730072021484375
18319
0.004073143005371094
18977
0.004138946533203125
19560
0.004240989685058594
20218
0.004305124282836914
20876
0.004373073577880859
21787
0.004474163055419922
22698
0.004550933837890625
23356
0.005342960357666016
24014
0.009876012802124023
0
659
0.0020821094512939453
1243
0.0022590160369873047
1901
0.002318143844604492
2559
0.0023660659790039062
3217
0.0024340152740478516
3875
0.002479076385498047
4459
0.002524137496948242
5371
0.0026330947875976562
5955
0.0026841163635253906
6539
0.0027320384979248047
7451
0.0028650760650634766
8035
0.002917051315307617
8947
0.0029740333557128906
9530
0.0030519962310791016
10113
0.0031671524047851562
10697
0.0032241344451904297
11608
0.003292083740234375
12520
0.0033490657806396484
13178
0.0034551620483398438
14090
0.003515958786010742
14673
0.0035750865936279297
15256
0.0037081241607666016
16167
0.0037720203399658203
17078
0.003865957260131836
17736
0.0039310455322265625
18394
0.00403594970703125
18977
0.004102945327758789
19635
0.0042040348052978516
20218
0.004272937774658203
21129
0.0043909549713134766
21787
0.004462003707885742
22698
0.0045549869537353516
23356
0.005105018615722656
24014
0.009475946426391602
0
659
0.0020041465759277344
1317
0.002125978469848633
1901
0.0022580623626708984
2485
0.0023190975189208984
3143
0.002370119094848633
3801
0.0024230480194091797
4385
0.002552032470703125
4969
0.002604961395263672
5881
0.0026581287384033203
6539
0.002729177474975586
7451
0.002807140350341797
8035
0.0029630661010742188
8618
0.0030260086059570312
9201
0.0030820369720458984
9785
0.0031571388244628906
10696
0.003247976303100586
11608
0.0033111572265625
12520
0.0034520626068115234
13178
0.003515005111694336
13761
0.003576040267944336
14344
0.003679990768432617
15256
0.003795146942138672
15839
0.003865957260131836
16750
0.003940105438232422
17408
0.004006147384643555
18066
0.0040740966796875
18724
0.004210948944091797
19307
0.0042819976806640625
20218
0.004357099533081055
20876
0.00442814826965332
21787
0.004533052444458008
22698
0.004609107971191406
23356
0.005299091339111328
24014
0.010163068771362305
0
659
0.0020859241485595703
1317
0.0022690296173095703
1975
0.0023241043090820312
2633
0.0023789405822753906
3291
0.0024340152740478516
3875
0.0024809837341308594
4459
0.0025260448455810547
5371
0.0026390552520751953
5955
0.0026900768280029297
6539
0.0027370452880859375
7123
0.002877950668334961
7707
0.0029299259185791016
8619
0.002980947494506836
9531
0.003050088882446289
10114
0.0031299591064453125
11025
0.0032520294189453125
11608
0.003309965133666992
12520
0.0033659934997558594
13178
0.003464937210083008
13761
0.0035250186920166016
14344
0.003648996353149414
15255
0.0037109851837158203
16167
0.0037729740142822266
16825
0.0038890838623046875
17483
0.003960132598876953
18066
0.004024982452392578
18649
0.00413203239440918
19307
0.004200935363769531
20218
0.0042989253997802734
20876
0.004369020462036133
21787
0.004446983337402344
22698
0.004553079605102539
23356
0.005115985870361328
24014
0.009575128555297852
0
659
0.0020599365234375
1243
0.002154827117919922
1901
0.002285003662109375
2559
0.0023398399353027344
3217
0.0023839473724365234
3875
0.0024290084838867188
4459
0.002485990524291992
5043
0.0025789737701416016
5627
0.002624988555908203
6539
0.0026869773864746094
7123
0.0027878284454345703
8035
0.0028378963470458984
8618
0.0029058456420898438
9530
0.0030558109283447266
10114
0.003108978271484375
11025
0.0031599998474121094
11937
0.0032129287719726562
12849
0.0033109188079833984
13432
0.0033659934997558594
14015
0.003459930419921875
14926
0.003543853759765625
15584
0.0036029815673828125
16495
0.0036840438842773438
17078
0.003810882568359375
17736
0.003883838653564453
18319
0.003945827484130859
18977
0.0041790008544921875
19635
0.004251003265380859
20218
0.004313945770263672
21129
0.004427909851074219
22040
0.004554033279418945
22698
0.0046198368072509766
23356
0.0052449703216552734
24014
0.009685993194580078
0
659
0.002050161361694336
1243
0.0021500587463378906
1901
0.0022711753845214844
2559
0.0023250579833984375
3217
0.0023779869079589844
3875
0.002421140670776367
4459
0.0025451183319091797
5043
0.0026061534881591797
5627
0.002650022506713867
6539
0.0026960372924804688
7122
0.0027990341186523438
8034
0.002849102020263672
8618
0.0029480457305908203
9530
0.003020048141479492
10114
0.003099203109741211
10697
0.003202199935913086
11608
0.0032570362091064453
12520
0.0033111572265625
13432
0.0033681392669677734
14090
0.0034542083740234375
14673
0.003551006317138672
15584
0.0036439895629882812
16495
0.0037050247192382812
17078
0.0038042068481445312
17661
0.003874063491821289
18319
0.0039560794830322266
18977
0.004043102264404297
19560
0.004129171371459961
20218
0.004227161407470703
20876
0.004292011260986328
21787
0.004400014877319336
22698
0.004468202590942383
23356
0.005062103271484375
24014
0.009489059448242188
0
659
0.002067089080810547
1317
0.002235889434814453
1975
0.0022919178009033203
2633
0.0023429393768310547
3217
0.0023860931396484375
3801
0.0024340152740478516
4459
0.0025599002838134766
5043
0.002607107162475586
5627
0.0026559829711914062
6539
0.002721071243286133
7123
0.0028209686279296875
8035
0.002871990203857422
8947
0.0029449462890625
9530
0.0030210018157958984
10114
0.0031270980834960938
11025
0.003180980682373047
11937
0.0032351016998291016
12520
0.003353118896484375
13103
0.0034089088439941406
14014
0.0034770965576171875
14926
0.003564119338989258
15509
0.003667116165161133
16420
0.003773927688598633
17078
0.003834962844848633
17736
0.003936052322387695
18394
0.0040171146392822266
18977
0.004080057144165039
19635
0.004182100296020508
20293
0.004252910614013672
20876
0.004317045211791992
21787
0.004426002502441406
22698
0.004555940628051758
23356
0.005348920822143555
24014
0.010178089141845703
0
659
0.0020589828491210938
1317
0.002218008041381836
1975
0.0022711753845214844
2633
0.0023250579833984375
3217
0.002382993698120117
4129
0.0025022029876708984
4713
0.002552032470703125
5297
0.002613067626953125
5881
0.0026590824127197266
6539
0.002705097198486328
7122
0.0028290748596191406
8034
0.0028901100158691406
8946
0.0029480457305908203
9530
0.0030770301818847656
10442
0.003135204315185547
11026
0.0031890869140625
11937
0.003255128860473633
12520
0.003406047821044922
13431
0.003468036651611328
14343
0.0035271644592285156
14926
0.0035881996154785156
15837
0.0037300586700439453
16420
0.003801107406616211
17078
0.0038712024688720703
17736
0.00397801399230957
18394
0.0040471553802490234
18977
0.0041120052337646484
19635
0.004225015640258789
20293
0.004292011260986328
20876
0.0043621063232421875
21787
0.004466056823730469
22698
0.004541158676147461
23356
0.005034208297729492
24014
0.009356021881103516
0
659
0.002106904983520508
1317
0.0022950172424316406
1975
0.0023529529571533203
2633
0.002405881881713867
3291
0.0024509429931640625
3875
0.002496957778930664
4459
0.0025548934936523438
5043
0.0026578903198242188
5627
0.0027070045471191406
6539
0.0027730464935302734
7451
0.0028228759765625
8034
0.0029489994049072266
8946
0.003022909164428711
9530
0.0031080245971679688
10114
0.0031609535217285156
11025
0.0032160282135009766
11608
0.0033359527587890625
12520
0.0033960342407226562
13103
0.0034589767456054688
14015
0.0035529136657714844
14598
0.003615856170654297
15509
0.003749847412109375
16420
0.0038149356842041016
17078
0.0038809776306152344
17736
0.003990888595581055
18394
0.004058837890625
18977
0.0041239261627197266
19560
0.004236936569213867
20218
0.004323005676269531
20876
0.004397869110107422
21787
0.00450897216796875
22698
0.004586935043334961
23356
0.004909038543701172
24014
0.009536027908325195
0
659
0.0020761489868164062
1317
0.002267122268676758
1975
0.0023200511932373047
2633
0.0023720264434814453
3291
0.002424001693725586
3875
0.0024671554565429688
4459
0.00251007080078125
5371
0.002624034881591797
5955
0.002671957015991211
6867
0.0027189254760742188
7450
0.0028231143951416016
8034
0.002871990203857422
8617
0.0029931068420410156
9201
0.00304412841796875
10112
0.0030989646911621094
11024
0.0031859874725341797
11936
0.0032961368560791016
12848
0.003351926803588867
13431
0.003406047821044922
14015
0.003461122512817383
14926
0.0035550594329833984
15584
0.003615140914916992
16495
0.003741025924682617
17153
0.0038330554962158203
17811
0.003901958465576172
18394
0.003963947296142578
19052
0.004152059555053711
19710
0.00421595573425293
20293
0.0042841434478759766
20876
0.004406929016113281
21787
0.004477024078369141
22698
0.004547119140625
23356
0.0053310394287109375
24014
0.009900093078613281
0
659
0.0021669864654541016
1317
0.0022559165954589844
1975
0.002309083938598633
2633
0.0023610591888427734
3217
0.002404928207397461
3801
0.00251007080078125
4385
0.002568960189819336
5297
0.0026140213012695312
5955
0.0026619434356689453
6539
0.0027599334716796875
7451
0.0028090476989746094
8034
0.0029230117797851562
8946
0.0029900074005126953
9529
0.0030679702758789062
10113
0.0031189918518066406
10697
0.003170013427734375
11355
0.0032720565795898438
12266
0.003328084945678711
13178
0.0033829212188720703
13761
0.0034470558166503906
14419
0.0035300254821777344
15077
0.003587961196899414
15988
0.003726959228515625
16899
0.003824949264526367
17811
0.003896951675415039
18394
0.004018068313598633
19052
0.0040819644927978516
19635
0.004149913787841797
20293
0.004249095916748047
20876
0.0043179988861083984
21787
0.004415988922119141
22698
0.004488945007324219
23356
0.005319118499755859
24014
0.00973200798034668
0
659
0.0020558834075927734
1317
0.0021789073944091797
1975
0.0022318363189697266
2633
0.002282857894897461
3291
0.002422809600830078
3875
0.0024688243865966797
4459
0.0025148391723632812
5043
0.0025730133056640625
5955
0.0026199817657470703
6539
0.002714872360229492
7451
0.002785921096801758
8035
0.0028328895568847656
8619
0.0029549598693847656
9531
0.0030059814453125
10443
0.003062009811401367
11026
0.0031440258026123047
11609
0.0031960010528564453
12192
0.0033028125762939453
13103
0.0033597946166992188
14015
0.003415822982788086
14673
0.0034940242767333984
15584
0.0035789012908935547
16495
0.0037009716033935547
17153
0.0037958621978759766
17811
0.0038619041442871094
18394
0.003966808319091797
19052
0.004033803939819336
19710
0.0041158199310302734
20293
0.0042018890380859375
21204
0.004297018051147461
21787
0.004366874694824219
22698
0.004463911056518555
23356
0.0052068233489990234
24014
0.009701967239379883
0
659
0.002157926559448242
1317
0.0022399425506591797
1975
0.002295970916748047
2633
0.002447843551635742
3291
0.002496957778930664
3875
0.002543926239013672
4459
0.002629995346069336
5043
0.002675771713256836
5955
0.0027298927307128906
6539
0.0028438568115234375
7451
0.002908945083618164
8363
0.0029838085174560547
8946
0.0030357837677001953
9530
0.0030879974365234375
10113
0.0032269954681396484
11025
0.003289937973022461
11937
0.003349781036376953
12521
0.0034208297729492188
13432
0.003548860549926758
14015
0.003609895706176758
14926
0.0037119388580322266
15584
0.0037729740142822266
16167
0.003833770751953125
16825
0.003949880599975586
17736
0.0040187835693359375
18394
0.004088878631591797
19052
0.0041849613189697266
19710
0.004255771636962891
20293
0.004376888275146484
20876
0.0044498443603515625
21787
0.004525899887084961
22698
0.0046269893646240234
23356
0.00526881217956543
24014
0.009847879409790039
0
659
0.0021529197692871094
1317
0.002229928970336914
1975
0.0022819042205810547
2887
0.0024318695068359375
3545
0.0024929046630859375
4203
0.0025408267974853516
4787
0.002588987350463867
5371
0.0026509761810302734
5955
0.0026979446411132812
6539
0.002794027328491211
7123
0.0028619766235351562
8035
0.002933979034423828
8618
0.0030698776245117188
9530
0.0031499862670898438
10113
0.0032329559326171875
10697
0.0032868385314941406
11608
0.003342866897583008
12191
0.0034508705139160156
13102
0.0035109519958496094
14014
0.003571033477783203
14672
0.0036728382110595703
15330
0.0037779808044433594
15913
0.0038399696350097656
16571
0.0039119720458984375
17482
0.004017829895019531
18140
0.00408482551574707
19052
0.0041599273681640625
19710
0.004266977310180664
20293
0.00433802604675293
20876
0.0044209957122802734
21787
0.004521846771240234
22698
0.0045928955078125
23356
0.005209922790527344
24014
0.009495973587036133
0
659
0.0020401477813720703
1317
0.002164125442504883
1975
0.00222015380859375
2633
0.002351999282836914
3217
0.0023980140686035156
3801
0.0024421215057373047
4385
0.002499103546142578
5043
0.0025429725646972656
5627
0.0026171207427978516
6539
0.0026810169219970703
7123
0.0027701854705810547
7706
0.002819061279296875
8289
0.0029261112213134766
8873
0.0029761791229248047
9785
0.0030260086059570312
10368
0.0031311511993408203
11280
0.0031881332397460938
11938
0.0032711029052734375
12850
0.0033311843872070312
13761
0.0034270286560058594
14673
0.0035371780395507812
15331
0.003632068634033203
15989
0.003712177276611328
16572
0.003779172897338867
17230
0.0038640499114990234
18141
0.0039310455322265625
18724
0.003993988037109375
19635
0.004129171371459961
20218
0.004206180572509766
20876
0.004270076751708984
21787
0.004364013671875
22698
0.004650115966796875
23356
0.005134105682373047
24014
0.00952601432800293
0
659
0.0026400089263916016
1317
0.002730131149291992
1901
0.002788066864013672
2485
0.0028409957885742188
3397
0.002897024154663086
4055
0.0029430389404296875
4713
0.0029900074005126953
5371
0.0030510425567626953
5955
0.0031900405883789062
6538
0.0032410621643066406
7122
0.0033049583435058594
7706
0.0033540725708007812
8617
0.0034050941467285156
9529
0.0034780502319335938
10441
0.0035359859466552734
11024
0.003656148910522461
11936
0.0037331581115722656
12519
0.0037889480590820312
13103
0.0038459300994873047
14014
0.00395512580871582
14672
0.00407099723815918
15584
0.004138946533203125
16167
0.004205942153930664
17078
0.004307985305786133
17736
0.004379987716674805
18394
0.004452943801879883
18977
0.004585981369018555
19560
0.004661083221435547
20218
0.004728078842163086
20876
0.004804134368896484
21787
0.0049059391021728516
22698
0.004990100860595703
23356
0.005412101745605469
24014
0.009737968444824219
0
659
0.002283811569213867
1317
0.002363920211791992
1975
0.0024139881134033203
2633
0.002465963363647461
3291
0.002508878707885742
3875
0.0025548934936523438
4459
0.002611875534057617
5043
0.0027189254760742188
5627
0.002766847610473633
6539
0.002828836441040039
7451
0.0028760433197021484
8034
0.003003835678100586
8946
0.003078937530517578
9529
0.0031499862670898438
10113
0.003201007843017578
10697
0.0032508373260498047
11608
0.0033028125762939453
12520
0.0034208297729492188
13432
0.003476858139038086
14090
0.0035729408264160156
14673
0.003628969192504883
15584
0.003718852996826172
16495
0.003785848617553711
17153
0.0038449764251708984
17811
0.0039479732513427734
18394
0.004016876220703125
18977
0.004078865051269531
19635
0.0041828155517578125
20293
0.004247903823852539
20876
0.004313945770263672
21787
0.00441288948059082
22698
0.0044858455657958984
23356
0.005158901214599609
24014
0.009546041488647461
0
659
0.002107858657836914
1317
0.0021948814392089844
1975
0.002363920211791992
2633
0.002418994903564453
3291
0.0024619102478027344
3875
0.002508878707885742
4459
0.0025658607482910156
5043
0.0026090145111083984
5627
0.002711057662963867
6211
0.0027730464935302734
7123
0.0028209686279296875
8035
0.0028679370880126953
8618
0.0029959678649902344
9530
0.0030739307403564453
10442
0.0031249523162841797
11025
0.003175973892211914
11609
0.0032329559326171875
12192
0.00333404541015625
13104
0.003390073776245117
13762
0.0034890174865722656
14673
0.003576993942260742
15584
0.003640890121459961
16242
0.0037288665771484375
16900
0.0037889480590820312
17483
0.0038819313049316406
18394
0.003952980041503906
19052
0.00403904914855957
19635
0.004128932952880859
20293
0.00419306755065918
20876
0.004283905029296875
21787
0.004350900650024414
22698
0.004448890686035156
23356
0.0052568912506103516
24014
0.009804964065551758
0
659
0.002132892608642578
1317
0.0022149085998535156
1975
0.0024068355560302734
2633
0.002463817596435547
3291
0.002507925033569336
3875
0.0025539398193359375
4459
0.0026099681854248047
5043
0.002652883529663086
5955
0.0026998519897460938
6539
0.002825021743774414
7451
0.002875804901123047
8363
0.0029239654541015625
8947
0.0029900074005126953
9530
0.003126859664916992
10441
0.003180980682373047
11024
0.0032329559326171875
11608
0.003284931182861328
12191
0.0033898353576660156
13102
0.003446817398071289
14014
0.0035429000854492188
14926
0.0036017894744873047
15584
0.003693819046020508
16242
0.0037598609924316406
17153
0.0038208961486816406
17811
0.003933906555175781
18394
0.004005908966064453
18977
0.00407099723815918
19560
0.00417780876159668
20218
0.004242897033691406
20876
0.004309892654418945
21787
0.004408836364746094
22698
0.00448298454284668
23356
0.005321025848388672
24014
0.00969696044921875
0
659
0.002000093460083008
1317
0.0021369457244873047
1975
0.002192974090576172
2559
0.002340078353881836
3217
0.0023860931396484375
3875
0.0024330615997314453
4459
0.0024890899658203125
5043
0.002532958984375
5955
0.002579927444458008
6539
0.002691984176635742
7451
0.002746105194091797
8035
0.002794027328491211
8947
0.0028829574584960938
9530
0.0030488967895507812
10441
0.0031049251556396484
11024
0.003155946731567383
11607
0.0032079219818115234
12191
0.003261089324951172
13102
0.003359079360961914
14014
0.0034589767456054688
14672
0.003515958786010742
15584
0.00362396240234375
16242
0.003690004348754883
17153
0.003751039505004883
17811
0.0038568973541259766
18394
0.0039370059967041016
19052
0.0040318965911865234
19710
0.004149913787841797
20293
0.00421595573425293
20876
0.0042819976806640625
21787
0.004379987716674805
22698
0.004476070404052734
23356
0.0052831172943115234
24014
0.009776115417480469
0
659
0.0021409988403320312
1317
0.002231121063232422
1975
0.0022840499877929688
2633
0.0024209022521972656
3291
0.002465963363647461
3875
0.0025191307067871094
4459
0.002574920654296875
5043
0.002619028091430664
5955
0.002665996551513672
6539
0.002774953842163086
7451
0.002825021743774414
8035
0.002871990203857422
8947
0.003020048141479492
9859
0.0030989646911621094
10442
0.00315093994140625
11025
0.0032019615173339844
11609
0.003253936767578125
12192
0.0033550262451171875
13103
0.0034110546112060547
14014
0.003529071807861328
14926
0.0035889148712158203
15584
0.00368499755859375
16167
0.003751039505004883
16750
0.0038099288940429688
17408
0.003902912139892578
18319
0.0039730072021484375
18977
0.004034996032714844
19560
0.004144906997680664
20218
0.004209995269775391
20876
0.004277944564819336
21787
0.004382133483886719
22698
0.004456043243408203
23356
0.005113124847412109
24014
0.009540081024169922
0
659
0.0021538734436035156
1317
0.0023660659790039062
1975
0.002424001693725586
2633
0.0024759769439697266
3291
0.0025200843811035156
3875
0.0025680065155029297
4459
0.002624988555908203
5043
0.0026679039001464844
5955
0.0027170181274414062
6539
0.002855062484741211
7451
0.0029108524322509766
8363
0.002961874008178711
8946
0.00302886962890625
9530
0.003103971481323242
10114
0.0032188892364501953
11025
0.0032739639282226562
11608
0.003325939178466797
12191
0.0033788681030273438
13102
0.003467082977294922
14014
0.0035638809204101562
14597
0.0036530494689941406
15509
0.003712892532348633
16092
0.003777027130126953
17003
0.0038869380950927734
17661
0.0039520263671875
18319
0.004040956497192383
18902
0.004167079925537109
19560
0.004252910614013672
20218
0.0043179988861083984
21129
0.004431009292602539
21787
0.004499912261962891
22698
0.0045909881591796875
23356
0.005095005035400391
24014
0.009433984756469727
0
659
0.002022981643676758
1317
0.0021979808807373047
1975
0.002257108688354492
2633
0.002310037612915039
3217
0.002354145050048828
3875
0.0024030208587646484
4459
0.0025131702423095703
5043
0.0025620460510253906
5955
0.0026099681854248047
6867
0.002730131149291992
7451
0.0027811527252197266
8035
0.002830028533935547
8618
0.0029630661010742188
9529
0.0030431747436523438
10441
0.003098011016845703
11024
0.003153085708618164
11608
0.003206014633178711
12266
0.0033080577850341797
13178
0.0033681392669677734
13836
0.003467082977294922
14419
0.0035250186920166016
15330
0.00362396240234375
16241
0.0036950111389160156
17153
0.003757953643798828
17736
0.0038671493530273438
18394
0.003940105438232422
19052
0.004004955291748047
19710
0.004117012023925781
20293
0.004186153411865234
20876
0.004255056381225586
21787
0.004366159439086914
22698
0.004441976547241211
23356
0.005120038986206055
24014
0.009586095809936523
0
659
0.002107858657836914
1317
0.0021848678588867188
1975
0.0023298263549804688
2559
0.0023849010467529297
3143
0.002427816390991211
3727
0.0024728775024414062
4639
0.002532958984375
5551
0.0026009082794189453
6135
0.0026869773864746094
6719
0.0027549266815185547
7631
0.0028679370880126953
8214
0.0029189586639404297
8797
0.0030329227447509766
9380
0.0031099319458007812
9964
0.003161907196044922
10875
0.0032138824462890625
11787
0.0032668113708496094
12699
0.0033659934997558594
13357
0.003421783447265625
14268
0.0035178661346435547
14851
0.003621816635131836
15509
0.003682851791381836
16167
0.0037469863891601562
16750
0.0038368701934814453
17661
0.0039038658142089844
18572
0.0040187835693359375
19155
0.004083871841430664
20066
0.004169940948486328
20724
0.004364013671875
21382
0.0053369998931884766
22040
0.005429983139038086
22698
0.010089874267578125
23356
1.441288948059082
24014
1.4414288997650146
0
659
0.002146005630493164
1317
0.002228975296020508
1975
0.0022809505462646484
2887
0.0024309158325195312
3545
0.0024878978729248047
4203
0.0025599002838134766
4787
0.0026040077209472656
5371
0.002660989761352539
5955
0.0027039051055908203
6539
0.0028290748596191406
7123
0.0028929710388183594
8034
0.0029430389404296875
8946
0.002991914749145508
9858
0.003058910369873047
10441
0.003192901611328125
11353
0.0032498836517333984
11936
0.0033180713653564453
12519
0.003371000289916992
13103
0.0034248828887939453
14014
0.0035538673400878906
14926
0.0036139488220214844
15837
0.0037009716033935547
16495
0.0037958621978759766
17153
0.0038840770721435547
17736
0.0039520263671875
18319
0.004116058349609375
18977
0.004181861877441406
19560
0.004247903823852539
20471
0.004347085952758789
21129
0.004417896270751953
22040
0.004503965377807617
22698
0.005156993865966797
23356
0.009531974792480469
24014
0.20988893508911133
0
659
0.002190113067626953
1317
0.0022649765014648438
1901
0.0023200511932373047
2559
0.002370119094848633
3217
0.0025000572204589844
3875
0.002546072006225586
4459
0.002588033676147461
5043
0.0026471614837646484
5955
0.0026929378509521484
6538
0.0028171539306640625
7450
0.0028879642486572266
8362
0.0029370784759521484
8946
0.0029850006103515625
9858
0.003111124038696289
10769
0.003164052963256836
11353
0.0032160282135009766
11936
0.0033180713653564453
12520
0.0033731460571289062
13432
0.0034589767456054688
14015
0.0035550594329833984
14673
0.0036439895629882812
15584
0.003704071044921875
16242
0.0037889480590820312
16825
0.003885984420776367
17483
0.0039539337158203125
18394
0.004025936126708984
19052
0.004130125045776367
19710
0.004199028015136719
20293
0.004261970520019531
21204
0.004353046417236328
21787
0.004420042037963867
22698
0.004519939422607422
23356
0.005238056182861328
24014
0.009849071502685547
0
659
0.0020008087158203125
1317
0.0021338462829589844
1975
0.002254009246826172
2633
0.0023109912872314453
3217
0.002357006072998047
3801
0.0024499893188476562
4385
0.002508878707885742
5297
0.0025539398193359375
5881
0.002630949020385742
6793
0.0026998519897460938
7376
0.0028400421142578125
8288
0.002892017364501953
8872
0.0029549598693847656
9456
0.0030279159545898438
10367
0.0030808448791503906
11279
0.0032110214233398438
11862
0.0032739639282226562
12445
0.003329038619995117
13356
0.0034139156341552734
13939
0.0036020278930664062
14851
0.003660917282104492
15762
0.003754854202270508
16420
0.0038230419158935547
17003
0.003914833068847656
17661
0.00397801399230957
18319
0.0040438175201416016
18977
0.004149913787841797
19560
0.004217863082885742
20471
0.0042819976806640625
21382
0.004374027252197266
22040
0.005264997482299805
22698
0.009784936904907227
23356
0.20253801345825195
24014
0.20284295082092285
0
659
0.002156972885131836
1317
0.0023381710052490234
1975
0.002393960952758789
2633
0.0024499893188476562
3291
0.002496004104614258
3875
0.0025429725646972656
4459
0.002624034881591797
5043
0.002777099609375
5627
0.002825021743774414
6211
0.0028841495513916016
7123
0.002933979034423828
8035
0.0029821395874023438
8947
0.0030510425567626953
9530
0.003136157989501953
10113
0.0032491683959960938
10697
0.0033020973205566406
11608
0.0033559799194335938
12520
0.003412008285522461
13103
0.0034961700439453125
13686
0.0035920143127441406
14597
0.003690958023071289
15509
0.003751993179321289
16167
0.0038161277770996094
17078
0.003915071487426758
17661
0.003981113433837891
18319
0.004050016403198242
18977
0.004172086715698242
19635
0.0042400360107421875
20218
0.004304170608520508
21129
0.004405975341796875
21787
0.004474163055419922
22698
0.004567146301269531
23356
0.005274057388305664
24014
0.009753942489624023
0
659
0.0020852088928222656
1317
0.0021669864654541016
1975
0.0023200511932373047
2633
0.0023751258850097656
3291
0.002418041229248047
3875
0.0024640560150146484
4459
0.002521038055419922
5371
0.0025701522827148438
5955
0.002669095993041992
6867
0.0027370452880859375
7451
0.002783060073852539
8034
0.0028760433197021484
8618
0.002941131591796875
9530
0.0030159950256347656
10113
0.0031549930572509766
11025
0.0032241344451904297
11609
0.0032770633697509766
12520
0.0033311843872070312
13178
0.0034279823303222656
13761
0.003522157669067383
14419
0.0036160945892333984
15330
0.0036749839782714844
16241
0.003740072250366211
16824
0.003843069076538086
17736
0.003910064697265625
18319
0.003980159759521484
18977
0.004087209701538086
19635
0.004155158996582031
20218
0.0042171478271484375
21129
0.004322052001953125
21787
0.004388093948364258
22698
0.0044782161712646484
23356
0.005118131637573242
24014
0.009411096572875977
0
659
0.0020308494567871094
1317
0.0021820068359375
1901
0.0022377967834472656
2559
0.0023279190063476562
3143
0.0023729801177978516
4055
0.002466917037963867
4639
0.002525806427001953
5223
0.002588987350463867
6135
0.0027430057525634766
6793
0.002811908721923828
7705
0.0029168128967285156
8288
0.00296783447265625
8872
0.00302886962890625
9783
0.003106832504272461
10695
0.0032308101654052734
11353
0.0032889842987060547
11936
0.003345966339111328
12519
0.0034019947052001953
13102
0.0034890174865722656
13686
0.003582000732421875
14598
0.0036399364471435547
15256
0.0037338733673095703
16167
0.0038018226623535156
17078
0.003865957260131836
17661
0.0039768218994140625
18572
0.004081010818481445
19230
0.004148006439208984
19813
0.004242897033691406
20724
0.004333972930908203
21382
0.004403829574584961
22040
0.005150794982910156
22698
0.007395029067993164
23356
0.008392810821533203
24014
0.00945901870727539
0
659
0.002070903778076172
1317
0.0022199153900146484
1975
0.002279996871948242
2633
0.002338886260986328
3217
0.002454996109008789
3801
0.0025060176849365234
4385
0.0025649070739746094
5297
0.002611875534057617
5881
0.002691030502319336
6793
0.0027608871459960938
7377
0.002856016159057617
8289
0.002908945083618164
8873
0.0030400753021240234
9785
0.0031239986419677734
10368
0.0031769275665283203
10951
0.0032320022583007812
11862
0.0032889842987060547
12774
0.0034029483795166016
13432
0.0034639835357666016
14015
0.00356292724609375
14926
0.0036530494689941406
15837
0.003720998764038086
16495
0.0037899017333984375
17153
0.0039010047912597656
17811
0.003971099853515625
18394
0.004040956497192383
19052
0.004144906997680664
19635
0.00421595573425293
20218
0.0042819976806640625
20876
0.004395961761474609
21787
0.0044689178466796875
22698
0.004563093185424805
23356
0.005042076110839844
24014
0.010070085525512695
0
659
0.002229928970336914
1317
0.0023109912872314453
1975
0.0023670196533203125
2633
0.0025069713592529297
3291
0.002557039260864258
3875
0.002604961395263672
4459
0.0026750564575195312
5043
0.002719879150390625
5627
0.002836942672729492
6211
0.0028989315032958984
7123
0.002949953079223633
8035
0.003000974655151367
8618
0.0030710697174072266
9202
0.003222942352294922
9785
0.0032770633697509766
10368
0.0033299922943115234
11280
0.0033850669860839844
12192
0.0034410953521728516
12850
0.003496885299682617
13508
0.0036470890045166016
14419
0.003710031509399414
15330
0.003771066665649414
15988
0.003880023956298828
16646
0.003943920135498047
17229
0.004006862640380859
18140
0.004126071929931641
18723
0.00419306755065918
19381
0.004261970520019531
20292
0.004352092742919922
20875
0.004424095153808594
21533
0.0050640106201171875
22445
0.005290985107421875
23356
0.00875401496887207
24014
0.00943303108215332
0
659
0.0020470619201660156
1317
0.0023009777069091797
1975
0.002360105514526367
2633
0.0024149417877197266
3217
0.002460002899169922
3801
0.0025081634521484375
4385
0.002618074417114258
4969
0.002666950225830078
5881
0.0027179718017578125
6539
0.002850055694580078
7451
0.002902984619140625
8363
0.0029549598693847656
8947
0.0030210018157958984
9859
0.0031659603118896484
10442
0.0032241344451904297
11025
0.003278970718383789
11609
0.00333404541015625
12192
0.0034379959106445312
13103
0.003498077392578125
14014
0.003626108169555664
14926
0.0036890506744384766
15837
0.0037860870361328125
16495
0.003857135772705078
17078
0.003919124603271484
17736
0.004021167755126953
18319
0.004093170166015625
18977
0.004203081130981445
19635
0.004277944564819336
20293
0.004343986511230469
20876
0.004415035247802734
21787
0.0045299530029296875
22698
0.004608154296875
23356
0.005059003829956055
24014
0.009487152099609375
0
659
0.0021610260009765625
1317
0.0022401809692382812
1975
0.002402067184448242
2633
0.002462148666381836
3217
0.002518177032470703
3801
0.0025610923767089844
4713
0.0026090145111083984
5371
0.0026900768280029297
5955
0.0028150081634521484
6539
0.002863168716430664
7123
0.0029230117797851562
8035
0.0029730796813964844
8947
0.0030231475830078125
9858
0.003147125244140625
10770
0.0032041072845458984
11353
0.003256082534790039
11936
0.003323078155517578
12519
0.0034630298614501953
13431
0.0035212039947509766
14342
0.0036580562591552734
15000
0.003717184066772461
15583
0.0037741661071777344
16241
0.003892183303833008
16825
0.003953218460083008
17736
0.004019021987915039
18394
0.004122018814086914
19052
0.004188060760498047
19635
0.004255056381225586
20218
0.004355192184448242
21129
0.004426002502441406
21787
0.004492044448852539
22698
0.0045871734619140625
23356
0.0051021575927734375
24014
0.009424209594726562
0
659
0.0022869110107421875
1317
0.0023620128631591797
1901
0.0024149417877197266
2559
0.002465963363647461
3217
0.0025098323822021484
3875
0.0025568008422851562
4459
0.0026879310607910156
5043
0.0027399063110351562
5627
0.0027849674224853516
6539
0.0028498172760009766
7451
0.0028967857360839844
8034
0.0030198097229003906
8946
0.0030889511108398438
9529
0.0031638145446777344
10113
0.0032148361206054688
10697
0.003265857696533203
11608
0.003323793411254883
12520
0.003435850143432617
13432
0.003493785858154297
14015
0.003610849380493164
14926
0.0037178993225097656
15837
0.003782987594604492
16495
0.0038509368896484375
17153
0.003950834274291992
17811
0.004016876220703125
18394
0.004087924957275391
19052
0.004192829132080078
19635
0.004261970520019531
20218
0.00432586669921875
21129
0.004429817199707031
21787
0.00449681282043457
22698
0.004587888717651367
23356
0.00533294677734375
24014
0.00975799560546875
0
659
0.0020380020141601562
1317
0.0022308826446533203
1901
0.002288818359375
2559
0.0023419857025146484
3217
0.002386808395385742
3875
0.002435922622680664
4459
0.002561807632446289
5043
0.0026099681854248047
5627
0.0026569366455078125
6539
0.002727985382080078
7123
0.002847909927368164
8035
0.002900838851928711
8947
0.0029768943786621094
9530
0.0030519962310791016
10113
0.0031719207763671875
10697
0.0032279491424560547
11608
0.0032830238342285156
12520
0.0033409595489501953
13103
0.00344085693359375
14015
0.0035419464111328125
14673
0.0036008358001708984
15331
0.0037119388580322266
15989
0.003780841827392578
16900
0.003844022750854492
17483
0.003960847854614258
18141
0.004038810729980469
18724
0.004122018814086914
19307
0.004235982894897461
20218
0.004305839538574219
21129
0.004417896270751953
22040
0.004490852355957031
22698
0.00456690788269043
23356
0.005259990692138672
24014
0.009603023529052734
0
659
0.0022430419921875
1317
0.0023200511932373047
1901
0.002373933792114258
2559
0.0024261474609375
3217
0.002479076385498047
3875
0.002521991729736328
4459
0.0026209354400634766
5043
0.0026831626892089844
5955
0.002730131149291992
6538
0.0028150081634521484
7122
0.0028810501098632812
7705
0.0029900074005126953
8617
0.0030410289764404297
9529
0.003103017807006836
10113
0.003181934356689453
11025
0.0032961368560791016
11683
0.0033500194549560547
12341
0.003407001495361328
12999
0.003459930419921875
13582
0.0035140514373779297
14240
0.0036590099334716797
15151
0.0037190914154052734
15809
0.003776073455810547
16392
0.0038909912109375
17303
0.0039539337158203125
18214
0.00401616096496582
18797
0.004121065139770508
19708
0.004187107086181641
20620
0.004256010055541992
21531
0.004342079162597656
22115
0.004984140396118164
22773
0.005223989486694336
23356
0.005630970001220703
24014
0.009974956512451172
0
659
0.0020580291748046875
1317
0.00226593017578125
1975
0.0023260116577148438
2633
0.0023849010467529297
3291
0.0024340152740478516
3875
0.0024869441986083984
4459
0.002549886703491211
5043
0.0026328563690185547
5955
0.0026879310607910156
6539
0.002825021743774414
7451
0.0028820037841796875
8034
0.0029358863830566406
8618
0.0030088424682617188
9201
0.0031609535217285156
9785
0.0032198429107666016
10696
0.003278017044067383
11608
0.003337860107421875
12520
0.003406047821044922
13178
0.0034668445587158203
13836
0.00362396240234375
14419
0.0036890506744384766
15330
0.0037529468536376953
16242
0.0038259029388427734
17153
0.003946065902709961
17811
0.004023075103759766
18469
0.0041010379791259766
19052
0.004171848297119141
19635
0.004292011260986328
20546
0.004364967346191406
21129
0.004441022872924805
22040
0.004539966583251953
22698
0.00461888313293457
23356
0.0051839351654052734
24014
0.009569883346557617
0
659
0.002031087875366211
1317
0.0022079944610595703
1901
0.0022649765014648438
2559
0.002317190170288086
3217
0.0023610591888427734
3875
0.0024089813232421875
4459
0.002518177032470703
5043
0.002576112747192383
5955
0.002626180648803711
6539
0.0027360916137695312
7451
0.002788066864013672
8035
0.002835988998413086
8946
0.002955198287963867
9858
0.0030469894409179688
10441
0.0031011104583740234
11024
0.0031540393829345703
11936
0.003287076950073242
12519
0.0033440589904785156
13103
0.0033981800079345703
13761
0.003492116928100586
14672
0.0036020278930664062
15330
0.0036630630493164062
15913
0.0037271976470947266
16825
0.003787994384765625
17483
0.0039021968841552734
18141
0.00397801399230957
19052
0.004043102264404297
19710
0.004146099090576172
20293
0.004213094711303711
20876
0.0042819976806640625
21787
0.004393100738525391
22698
0.004469156265258789
23356
0.005187034606933594
24014
0.009911060333251953
0
659
0.002017974853515625
1317
0.0021970272064208984
1975
0.002256155014038086
2633
0.002340078353881836
3291
0.0023860931396484375
3875
0.002434968948364258
4459
0.002557039260864258
5043
0.002607107162475586
5627
0.0026531219482421875
6539
0.0027201175689697266
7123
0.0028820037841796875
8035
0.002938985824584961
8947
0.0030121803283691406
9530
0.0030889511108398438
10114
0.0031430721282958984
11025
0.0031991004943847656
11608
0.0033249855041503906
12520
0.0033850669860839844
13178
0.003443002700805664
13761
0.0035409927368164062
14672
0.003638029098510742
15583
0.0037031173706054688
16495
0.0037751197814941406
17078
0.003885030746459961
17736
0.0039520263671875
18319
0.004024028778076172
18977
0.004130125045776367
19635
0.0042040348052978516
20218
0.004271030426025391
21129
0.004389047622680664
22040
0.0044629573822021484
22698
0.004538059234619141
23356
0.00504612922668457
24014
0.009390115737915039
0
659
0.0020890235900878906
1317
0.002168893814086914
1975
0.002313852310180664
2633
0.002368927001953125
3217
0.002421855926513672
3801
0.0024650096893310547
4713
0.002513885498046875
5297
0.0026268959045410156
6209
0.0026769638061523438
6793
0.0027229785919189453
7377
0.0028138160705566406
7960
0.0029218196868896484
8544
0.002972841262817383
9455
0.00302886962890625
10367
0.0030829906463623047
11279
0.0032210350036621094
11937
0.0032968521118164062
12520
0.0033550262451171875
13103
0.003409862518310547
13761
0.003548860549926758
14672
0.003609895706176758
15255
0.0037050247192382812
16166
0.0037729740142822266
16824
0.0038328170776367188
17736
0.003947019577026367
18394
0.004016876220703125
18977
0.004078865051269531
19560
0.004185914993286133
20471
0.004251956939697266
21382
0.004338979721069336
22040
0.005014896392822266
22698
0.009334802627563477
23356
0.627126932144165
24014
0.6272799968719482
0
659
0.0019931793212890625
1317
0.0021440982818603516
1975
0.0022020339965820312
2559
0.0024640560150146484
3217
0.0025169849395751953
3875
0.002566099166870117
4459
0.0026161670684814453
5043
0.0026590824127197266
5955
0.0027070045471191406
6539
0.002819061279296875
7451
0.002868175506591797
8035
0.0029151439666748047
8946
0.003056049346923828
9858
0.003134012222290039
10770
0.0031900405883789062
11353
0.003242015838623047
11936
0.0032939910888671875
12520
0.003347158432006836
13178
0.0034492015838623047
14089
0.0035550594329833984
14672
0.0036110877990722656
15330
0.003704071044921875
16241
0.003770112991333008
17153
0.0038301944732666016
17811
0.003895998001098633
18469
0.004006147384643555
19052
0.0040700435638427734
19635
0.004136085510253906
20218
0.0042400360107421875
21129
0.004310131072998047
21787
0.004374027252197266
22698
0.004469156265258789
23356
0.005584001541137695
24014
0.00990605354309082
0
659
0.0019941329956054688
1317
0.0021829605102539062
1975
0.0022399425506591797
2559
0.002290010452270508
3217
0.0023331642150878906
3875
0.0023801326751708984
4459
0.0025200843811035156
5043
0.0025801658630371094
5627
0.002624988555908203
6539
0.002688169479370117
7122
0.002808094024658203
8034
0.0028591156005859375
8946
0.0029261112213134766
9530
0.0029990673065185547
10441
0.0030510425567626953
11024
0.003159046173095703
11936
0.0032150745391845703
12520
0.0032711029052734375
13178
0.003365039825439453
13761
0.0034601688385009766
14673
0.003553152084350586
15331
0.0036101341247558594
16242
0.003759145736694336
16825
0.003818035125732422
17483
0.003882169723510742
18394
0.0039861202239990234
18977
0.004049062728881836
19560
0.004146099090576172
20218
0.004210948944091797
21129
0.004310131072998047
21787
0.00437617301940918
22698
0.004467010498046875
23356
0.005146026611328125
24014
0.009812116622924805
0
659
0.00208282470703125
1317
0.002271890640258789
1975
0.0023279190063476562
2559
0.002379894256591797
3143
0.002424001693725586
3801
0.0024700164794921875
4459
0.002526998519897461
5371
0.0026178359985351562
5955
0.0026688575744628906
6539
0.002780914306640625
7123
0.002828836441040039
8035
0.0028769969940185547
8618
0.0029969215393066406
9530
0.0031049251556396484
10114
0.003155946731567383
11025
0.0032079219818115234
11937
0.0033218860626220703
12520
0.0033779144287109375
13103
0.0034329891204833984
13761
0.0035648345947265625
14672
0.00362396240234375
15583
0.0037069320678710938
16241
0.003773927688598633
16824
0.0038700103759765625
17736
0.003942012786865234
18394
0.004048824310302734
19052
0.004112958908081055
19710
0.004216909408569336
20293
0.0042819976806640625
20876
0.004348039627075195
21787
0.004448890686035156
22698
0.004521846771240234
23356
0.0050449371337890625
24014
0.009423017501831055
0
659
0.002292156219482422
1317
0.0023651123046875
1975
0.002418041229248047
2633
0.0024690628051757812
3291
0.0025119781494140625
3875
0.0025589466094970703
4459
0.0026891231536865234
5043
0.0027360916137695312
5627
0.0027799606323242188
6539
0.002843141555786133
7451
0.002894163131713867
8034
0.0030031204223632812
8946
0.003074169158935547
9530
0.0031461715698242188
10114
0.0031960010528564453
11025
0.0032470226287841797
11683
0.0033600330352783203
12595
0.0034170150756835938
13178
0.0034711360931396484
13761
0.0035631656646728516
14673
0.003657102584838867
15584
0.003715991973876953
16495
0.0038061141967773438
17153
0.0038721561431884766
17811
0.00398707389831543
18394
0.004058122634887695
18977
0.0041201114654541016
19635
0.004230022430419922
20293
0.004299163818359375
20876
0.004366159439086914
21787
0.004470109939575195
22698
0.0045430660247802734
23356
0.0052759647369384766
24014
0.009742021560668945
0
659
0.0020329952239990234
1317
0.0021550655364990234
1975
0.002213001251220703
2633
0.002377033233642578
3291
0.0024259090423583984
3875
0.0024750232696533203
4459
0.002532958984375
5043
0.0025780200958251953
5955
0.0026280879974365234
6539
0.0027239322662353516
7451
0.002775907516479492
8362
0.0028939247131347656
9274
0.0029659271240234375
9857
0.0030460357666015625
10441
0.0031020641326904297
11024
0.0032150745391845703
11608
0.00327301025390625
12520
0.0033299922943115234
13103
0.0033860206604003906
13761
0.0035169124603271484
14419
0.0035779476165771484
15331
0.003665924072265625
15914
0.003735065460205078
16825
0.0037980079650878906
17736
0.0039038658142089844
18394
0.0039789676666259766
18977
0.004044055938720703
19635
0.004153013229370117
20293
0.0042209625244140625
20876
0.004291057586669922
21787
0.0044100284576416016
22698
0.0044879913330078125
23356
0.00510096549987793
24014
0.009414911270141602
0
659
0.0020630359649658203
1317
0.0021948814392089844
1975
0.0022499561309814453
2559
0.002301931381225586
3217
0.0024318695068359375
3801
0.002485990524291992
4385
0.0025429725646972656
5297
0.002588033676147461
5955
0.0026328563690185547
6539
0.002743959426879883
7123
0.002791881561279297
8035
0.0028400421142578125
8618
0.0029630661010742188
9530
0.003041982650756836
10114
0.003092050552368164
11025
0.0031440258026123047
11937
0.0032460689544677734
12595
0.003300905227661133
13178
0.0033559799194335938
13761
0.003448963165283203
14673
0.0035469532012939453
15584
0.003607034683227539
16495
0.003695964813232422
17153
0.003777027130126953
17811
0.003865957260131836
18394
0.0039539337158203125
19052
0.0040400028228759766
19710
0.004127025604248047
20293
0.00421595573425293
20876
0.004284858703613281
21787
0.0043849945068359375
22698
0.004476070404052734
23356
0.005223989486694336
24014
0.009743928909301758
0
659
0.002254009246826172
1317
0.002337932586669922
1975
0.0023910999298095703
2633
0.002444028854370117
3291
0.002485990524291992
3875
0.0025310516357421875
4787
0.0026640892028808594
5371
0.002711057662963867
5955
0.0027549266815185547
6539
0.0028219223022460938
7451
0.0028700828552246094
8034
0.002981901168823242
8946
0.003050088882446289
9530
0.0031239986419677734
10114
0.0031740665435791016
11025
0.0032269954681396484
11608
0.0033330917358398438
12520
0.003390073776245117
13103
0.003443002700805664
14014
0.003570079803466797
14926
0.003629922866821289
15509
0.0037279129028320312
16167
0.003793954849243164
17078
0.0038590431213378906
17661
0.003993988037109375
18319
0.004065990447998047
18977
0.0041310787200927734
19560
0.0042378902435302734
20218
0.004303932189941406
20876
0.0043718814849853516
21787
0.004489898681640625
22698
0.004565000534057617
23356
0.004945993423461914
24014
0.0092620849609375
0
659
0.002034902572631836
1317
0.002171039581298828
1975
0.0022270679473876953
2633
0.002279043197631836
3217
0.0024080276489257812
3875
0.0024569034576416016
4459
0.002513885498046875
5043
0.0025560855865478516
5955
0.002602100372314453
6539
0.0027120113372802734
7451
0.0027608871459960938
8035
0.0028069019317626953
8946
0.002927064895629883
9858
0.0030050277709960938
10441
0.0030829906463623047
11025
0.003134012222290039
11608
0.0032529830932617188
12520
0.0033080577850341797
13103
0.0033609867095947266
13761
0.003484010696411133
14672
0.0035469532012939453
15583
0.003638029098510742
16241
0.003702878952026367
16899
0.0037610530853271484
17482
0.003854036331176758
18065
0.003923892974853516
18723
0.0040171146392822266
19381
0.004082918167114258
19964
0.004144906997680664
20875
0.004241943359375
21787
0.004693031311035156
22445
0.005021095275878906
23356
0.0054929256439208984
24014
0.009457111358642578
0
659
0.002390146255493164
1571
0.002468109130859375
2229
0.002521038055419922
2887
0.0025720596313476562
3545
0.0026149749755859375
4203
0.002657175064086914
4787
0.0027141571044921875
5371
0.0028350353240966797
5955
0.0028829574584960938
6539
0.0029439926147460938
7123
0.0029900074005126953
8034
0.003039121627807617
8946
0.00310516357421875
9529
0.0032541751861572266
10441
0.003316164016723633
11353
0.0033681392669677734
11936
0.0034210681915283203
12520
0.003473997116088867
13431
0.003576040267944336
14089
0.0036721229553222656
14747
0.003728151321411133
15330
0.0037851333618164062
15988
0.003895998001098633
16571
0.0039730072021484375
17229
0.004033088684082031
17812
0.004134178161621094
18723
0.004202127456665039
19635
0.004271030426025391
20293
0.0043871402740478516
20876
0.004455089569091797
21787
0.00452113151550293
22698
0.0046100616455078125
23356
0.0052030086517333984
24014
0.009566068649291992
0
659
0.0020570755004882812
1243
0.002226114273071289
1901
0.0022830963134765625
2559
0.002335071563720703
3217
0.0023870468139648438
3875
0.0024290084838867188
4459
0.002527952194213867
5043
0.0025870800018310547
5627
0.002630949020385742
6539
0.0026769638061523438
7123
0.002788066864013672
8035
0.0028390884399414062
8947
0.0029540061950683594
9859
0.003025054931640625
10442
0.003075122833251953
11026
0.0031261444091796875
11609
0.0032351016998291016
12520
0.0032939910888671875
13103
0.003350973129272461
13686
0.003473043441772461
14598
0.0035309791564941406
15509
0.003632068634033203
16167
0.003698110580444336
16825
0.003796100616455078
17408
0.003857135772705078
18066
0.003945112228393555
18977
0.004029989242553711
19560
0.004116058349609375
20218
0.004213094711303711
20876
0.004281044006347656
21787
0.004384040832519531
22698
0.004472017288208008
23356
0.007212162017822266
24014
0.011463165283203125
0
659
0.002238035202026367
1317
0.002312898635864258
1901
0.002363920211791992
2559
0.0024139881134033203
3217
0.0024559497833251953
3875
0.002508878707885742
4459
0.0026390552520751953
5043
0.002686023712158203
5627
0.0027298927307128906
6539
0.002794027328491211
7451
0.002841949462890625
8035
0.002969980239868164
8947
0.003039836883544922
9530
0.003113985061645508
10114
0.003162860870361328
11025
0.0032148361206054688
11683
0.0033240318298339844
12595
0.003381013870239258
13178
0.0034339427947998047
13761
0.003526926040649414
14672
0.0036499500274658203
15255
0.0037109851837158203
16167
0.003774881362915039
16825
0.0038640499114990234
17408
0.00392603874206543
18319
0.003993988037109375
18977
0.004118919372558594
19635
0.004188060760498047
20218
0.004251003265380859
20876
0.004354000091552734
21787
0.0044209957122802734
22698
0.0045130252838134766
23356
0.005049943923950195
24014
0.009326934814453125
0
659
0.002084970474243164
1317
0.002251148223876953
1975
0.0023069381713867188
2633
0.002357959747314453
3291
0.002401113510131836
3875
0.0024471282958984375
4459
0.0025680065155029297
5043
0.0026140213012695312
5627
0.0026581287384033203
6539
0.0027189254760742188
7451
0.002789020538330078
8034
0.0029070377349853516
8946
0.002975940704345703
9530
0.0030469894409179688
10114
0.003097057342529297
11025
0.0031490325927734375
11937
0.003261089324951172
12520
0.003317117691040039
13103
0.003370046615600586
13686
0.003492116928100586
14598
0.003551006317138672
15256
0.003607034683227539
15914
0.0037190914154052734
16572
0.0037801265716552734
17155
0.003899097442626953
17813
0.00398707389831543
18724
0.0040509700775146484
19635
0.0041429996490478516
20293
0.004260063171386719
20876
0.0043489933013916016
21787
0.004415988922119141
22698
0.00450897216796875
23356
0.005032062530517578
24014
0.009417057037353516
0
659
0.0020279884338378906
1317
0.0021979808807373047
1975
0.002254962921142578
2633
0.0023069381713867188
3291
0.0023508071899414062
3875
0.0023980140686035156
4459
0.002519845962524414
5043
0.0025658607482910156
5627
0.0026099681854248047
6539
0.002671957015991211
7451
0.0027408599853515625
8363
0.0028328895568847656
8947
0.002901792526245117
9530
0.0030469894409179688
10441
0.003100872039794922
11024
0.0031528472900390625
11608
0.003203868865966797
12191
0.0032949447631835938
13103
0.003350973129272461
13761
0.0034449100494384766
14419
0.003532886505126953
15331
0.003592967987060547
16242
0.003690004348754883
16900
0.0037508010864257812
17483
0.003841876983642578
18066
0.003912925720214844
18724
0.004006862640380859
19635
0.0040760040283203125
20218
0.004161834716796875
21129
0.004253864288330078
21787
0.004324913024902344
22698
0.004418849945068359
23356
0.005142927169799805
24014
0.009555816650390625
0
659
0.002209901809692383
1317
0.002285003662109375
1975
0.002337932586669922
2633
0.00238800048828125
3291
0.002526998519897461
3875
0.0025780200958251953
4459
0.002633810043334961
5043
0.0026760101318359375
5627
0.0027208328247070312
6539
0.0027849674224853516
7123
0.0029189586639404297
8035
0.0029687881469726562
8947
0.0030357837677001953
9530
0.003108978271484375
10114
0.0031588077545166016
11025
0.003210783004760742
11608
0.003314971923828125
12519
0.003371000289916992
13431
0.0034248828887939453
14014
0.0035250186920166016
14925
0.003615856170654297
15837
0.0036759376525878906
16495
0.0037407875061035156
17078
0.003899812698364258
17661
0.003961801528930664
18319
0.004027843475341797
18977
0.004126787185668945
19635
0.004194974899291992
20218
0.0042569637298583984
20876
0.004366874694824219
21787
0.004433870315551758
22698
0.004522800445556641
23356
0.005258798599243164
24014
0.00975489616394043
0
659
0.0020520687103271484
1317
0.0021779537200927734
1975
0.0022330284118652344
2633
0.002285003662109375
3217
0.0024149417877197266
3801
0.0024640560150146484
4385
0.0025429725646972656
5297
0.002591848373413086
5955
0.0026390552520751953
6867
0.002766847610473633
7451
0.0028219223022460938
8035
0.002869844436645508
8947
0.0029320716857910156
9530
0.003056049346923828
10114
0.0031080245971679688
11025
0.0031599998474121094
11608
0.003259897232055664
12266
0.0033140182495117188
12849
0.0033669471740722656
13761
0.0034990310668945312
14419
0.003556966781616211
15330
0.0036399364471435547
16241
0.0037078857421875
16899
0.0037660598754882812
17482
0.003874063491821289
18065
0.003942966461181641
18723
0.004004001617431641
19306
0.004106998443603516
20218
0.0041959285736083984
20876
0.0042650699615478516
21787
0.004350900650024414
22698
0.004849910736083984
23356
0.005563974380493164
24014
0.009948968887329102
0
659
0.0020279884338378906
1317
0.002179861068725586
1975
0.002234935760498047
2633
0.0022859573364257812
3291
0.0023279190063476562
3875
0.0024390220642089844
4459
0.002501964569091797
5043
0.002547025680541992
5955
0.002593994140625
6539
0.0027008056640625
7451
0.002749919891357422
8035
0.0027968883514404297
8619
0.0029230117797851562
9530
0.0030019283294677734
10442
0.003052949905395508
11025
0.0031638145446777344
11937
0.0032198429107666016
12520
0.003271818161010742
13103
0.003325939178466797
14015
0.0034530162811279297
14673
0.0035119056701660156
15256
0.0037169456481933594
15839
0.003782033920288086
16497
0.0038399696350097656
17408
0.003943920135498047
18066
0.004011869430541992
18977
0.0040760040283203125
19635
0.0041959285736083984
20293
0.004261016845703125
20876
0.004326820373535156
21787
0.0044248104095458984
22698
0.00449681282043457
23356
0.005193948745727539
24014
0.00948786735534668
0
659
0.002004861831665039
1317
0.002151966094970703
1975
0.0022089481353759766
2633
0.002259969711303711
3291
0.002302885055541992
3875
0.0024459362030029297
4459
0.0025060176849365234
5043
0.0025489330291748047
5955
0.0025959014892578125
6539
0.002691984176635742
7451
0.0027408599853515625
8363
0.002830028533935547
8947
0.002897977828979492
9858
0.0029828548431396484
10442
0.0030908584594726562
11025
0.0031499862670898438
11608
0.0032019615173339844
12191
0.003253936767578125
13103
0.00335693359375
13761
0.0034530162811279297
14419
0.003545045852661133
15330
0.0036039352416992188
16241
0.0037038326263427734
17153
0.0037899017333984375
17811
0.0038950443267822266
18469
0.003969907760620117
19052
0.00403285026550293
19635
0.004129886627197266
20218
0.004194974899291992
20876
0.004286050796508789
21787
0.004353046417236328
22698
0.004456043243408203
23356
0.005118846893310547
24014
0.009479999542236328
0
659
0.0021119117736816406
1317
0.002193927764892578
1975
0.0023720264434814453
2633
0.002427816390991211
3291
0.0024709701538085938
3875
0.0025179386138916016
4459
0.002574920654296875
5043
0.0026178359985351562
5955
0.002664804458618164
6539
0.002774953842163086
7451
0.002825021743774414
8035
0.002871990203857422
8618
0.0029959678649902344
9529
0.0030739307403564453
10441
0.003125905990600586
11353
0.003178834915161133
11936
0.0032830238342285156
12848
0.003342866897583008
13432
0.0033969879150390625
14343
0.0035200119018554688
15254
0.0036058425903320312
15912
0.0036649703979492188
16570
0.0037338733673095703
17153
0.0038378238677978516
17811
0.003906965255737305
18394
0.003973960876464844
18977
0.004078865051269531
19635
0.004148006439208984
20218
0.004210948944091797
20876
0.004313945770263672
21787
0.004381895065307617
22698
0.0044820308685302734
23356
0.00527191162109375
24014
0.009611845016479492
0
659
0.0020809173583984375
1317
0.002373933792114258
1975
0.0024290084838867188
2633
0.0024797916412353516
3291
0.0025238990783691406
3875
0.002563953399658203
4459
0.0026199817657470703
5043
0.002663850784301758
5955
0.0027108192443847656
6539
0.0028228759765625
7451
0.002872943878173828
8035
0.002919912338256836
8946
0.003039836883544922
9858
0.003117799758911133
10441
0.003168821334838867
11025
0.0032198429107666016
11936
0.0033249855041503906
12848
0.0033829212188720703
13431
0.003435850143432617
14014
0.003529787063598633
14926
0.003635883331298828
15837
0.003695964813232422
16495
0.003760814666748047
17153
0.0038709640502929688
17736
0.003935813903808594
18319
0.0040018558502197266
18977
0.004112958908081055
19635
0.0041828155517578125
20218
0.0042459964752197266
21129
0.00435185432434082
21787
0.004418849945068359
22698
0.0045168399810791016
23356
0.005162954330444336
24014
0.009608983993530273
0
659
0.002046823501586914
1317
0.0021209716796875
1975
0.0022308826446533203
2633
0.002285003662109375
3291
0.0023288726806640625
3875
0.0024399757385253906
4459
0.002499818801879883
5043
0.002543926239013672
5955
0.0025908946990966797
6539
0.002688884735107422
7451
0.0027379989624023438
8035
0.0028138160705566406
8946
0.0028829574584960938
9858
0.0029938220977783203
10441
0.0030469894409179688
11024
0.0031638145446777344
11608
0.0032188892364501953
12520
0.0032739639282226562
13103
0.003374814987182617
13761
0.003470897674560547
14672
0.0035278797149658203
15330
0.003609895706176758
15913
0.003710031509399414
16825
0.0037708282470703125
17483
0.0038309097290039062
18394
0.003957033157348633
19052
0.0040209293365478516
19710
0.004087924957275391
20293
0.004189968109130859
20876
0.004258871078491211
21787
0.004348039627075195
22698
0.004441022872924805
23356
0.005132913589477539
24014
0.009493827819824219
0
659
0.0021347999572753906
1317
0.002213001251220703
1975
0.00232696533203125
2633
0.002382993698120117
3291
0.0024268627166748047
3875
0.002544879913330078
4459
0.002605915069580078
5043
0.0026497840881347656
5955
0.002727985382080078
6539
0.0028557777404785156
7451
0.0029108524322509766
8363
0.002962827682495117
8947
0.003031015396118164
9858
0.0031747817993164062
10441
0.0032329559326171875
11024
0.0032858848571777344
11607
0.003340005874633789
12191
0.003393888473510742
13102
0.0034987926483154297
14014
0.0036017894744873047
14926
0.003665924072265625
15584
0.003763914108276367
16167
0.0038328170776367188
17078
0.0038988590240478516
17736
0.003996849060058594
18394
0.004068851470947266
18977
0.004133939743041992
19635
0.0042459964752197266
20293
0.004313945770263672
20876
0.0043849945068359375
21787
0.0044879913330078125
22698
0.004565000534057617
23356
0.005323886871337891
24014
0.010010004043579102
0
659
0.002330780029296875
1317
0.0024039745330810547
1975
0.0024569034576416016
2633
0.0025129318237304688
3291
0.0025548934936523438
3875
0.002599954605102539
4459
0.002731800079345703
5043
0.0027768611907958984
5627
0.0028209686279296875
6539
0.0028848648071289062
7451
0.0029327869415283203
8034
0.0030858516693115234
8946
0.0031588077545166016
9858
0.0032358169555664062
10442
0.0032868385314941406
11026
0.003337860107421875
11937
0.0033919811248779297
12595
0.003495931625366211
13507
0.0035529136657714844
14090
0.0036537647247314453
14673
0.003712892532348633
15331
0.003824949264526367
16242
0.003895998001098633
17153
0.003955841064453125
17811
0.0040628910064697266
18469
0.004132986068725586
19052
0.004194974899291992
19635
0.0043048858642578125
20218
0.004369974136352539
20876
0.00443577766418457
21787
0.004525899887084961
22698
0.004598855972290039
23356
0.005223989486694336
24014
0.009655952453613281
0
659
0.0019979476928710938
1317
0.002149820327758789
1975
0.0022068023681640625
2633
0.002258777618408203
3217
0.002302885055541992
3875
0.0024089813232421875
4459
0.0024688243865966797
5043
0.002513885498046875
5955
0.002658843994140625
6539
0.0027267932891845703
7123
0.0030138492584228516
7707
0.003065824508666992
8619
0.0031328201293945312
9531
0.003204822540283203
10443
0.0032608509063720703
11026
0.003313779830932617
11609
0.0033669471740722656
12192
0.0034208297729492188
12850
0.0035338401794433594
13761
0.003632783889770508
14419
0.0037147998809814453
15077
0.0037767887115478516
15735
0.003840923309326172
16318
0.003952980041503906
16901
0.004015922546386719
17812
0.00408482551574707
18723
0.0041539669036865234
19381
0.004258871078491211
19964
0.004324913024902344
20875
0.004395961761474609
21787
0.005169868469238281
22445
0.0052988529205322266
23356
0.0064029693603515625
24014
0.00960993766784668
0
659
0.002277851104736328
1317
0.0023539066314697266
1975
0.0024068355560302734
2633
0.002458810806274414
3217
0.002501964569091797
3801
0.002544879913330078
4385
0.0026519298553466797
4969
0.002696990966796875
5881
0.002744913101196289
6539
0.002841949462890625
7122
0.002888917922973633
8034
0.003016948699951172
8617
0.0030820369720458984
9201
0.0031578540802001953
9785
0.003209829330444336
10697
0.0032618045806884766
11609
0.0033609867095947266
12267
0.0034148693084716797
12850
0.003468036651611328
13433
0.003557920455932617
14344
0.0036559104919433594
15255
0.003715991973876953
15913
0.0037789344787597656
16571
0.003871917724609375
17229
0.003932952880859375
17887
0.004022836685180664
18470
0.004086017608642578
19053
0.004189968109130859
19964
0.004254817962646484
20876
0.004369020462036133
21787
0.004438877105712891
22445
0.005151033401489258
23356
0.005859851837158203
24014
0.009469032287597656
0
659
0.002073049545288086
1317
0.0022258758544921875
1975
0.002282857894897461
2633
0.002335071563720703
3291
0.002393007278442383
3875
0.002435922622680664
4459
0.002532958984375
5043
0.002593994140625
5955
0.0026400089263916016
6539
0.0027070045471191406
7451
0.0028710365295410156
8034
0.002925872802734375
8618
0.002974987030029297
9201
0.0031158924102783203
10112
0.0031969547271728516
11024
0.0032529830932617188
11607
0.0033059120178222656
12191
0.0033588409423828125
13103
0.0034589767456054688
13761
0.0035169124603271484
14419
0.003612995147705078
15077
0.003701925277709961
15735
0.0037620067596435547
16646
0.0038318634033203125
17229
0.003933906555175781
17887
0.003998994827270508
18470
0.004065990447998047
19053
0.0041620731353759766
19964
0.004231929779052734
20875
0.004297018051147461
21787
0.004387855529785156
22698
0.0047800540924072266
23356
0.005179882049560547
24014
0.009656906127929688
0
659
0.0022051334381103516
1317
0.0022869110107421875
1975
0.002341032028198242
2633
0.002393007278442383
3545
0.0025310516357421875
4129
0.002579927444458008
4713
0.002629995346069336
5297
0.002691984176635742
5955
0.0027379989624023438
6539
0.0028181076049804688
7451
0.0028939247131347656
8034
0.003000020980834961
8946
0.003058910369873047
9530
0.0031299591064453125
10441
0.003214120864868164
11024
0.0033309459686279297
11936
0.003390073776245117
12520
0.0034461021423339844
13431
0.0035600662231445312
14089
0.0036199092864990234
14672
0.0037200450897216797
15583
0.003824949264526367
16166
0.0038900375366210938
17078
0.003960132598876953
17736
0.004069089889526367
18394
0.004136085510253906
18977
0.004207134246826172
19635
0.0043179988861083984
20218
0.0043909549713134766
20876
0.00446009635925293
21787
0.0045680999755859375
22698
0.004642963409423828
23356
0.005203962326049805
24014
0.009732961654663086
0
659
0.0020928382873535156
1317
0.0022058486938476562
1975
0.002331972122192383
2633
0.002485990524291992
3291
0.002563953399658203
3875
0.0026149749755859375
4459
0.0026748180389404297
5043
0.0027208328247070312
5955
0.0027718544006347656
6539
0.002869844436645508
7451
0.0029230117797851562
8034
0.003070831298828125
8946
0.0031490325927734375
9529
0.003228902816772461
10112
0.0032830238342285156
10696
0.0033369064331054688
11607
0.003392934799194336
12265
0.003512859344482422
13176
0.003573894500732422
14088
0.0036728382110595703
14672
0.003732919692993164
15255
0.0038368701934814453
16166
0.003911018371582031
17078
0.003975868225097656
17736
0.004086971282958984
18394
0.004163026809692383
18977
0.004230976104736328
19635
0.004345893859863281
20546
0.004415988922119141
21204
0.004488945007324219
21787
0.004561901092529297
22698
0.004662036895751953
23356
0.005081892013549805
24014
0.009402036666870117
0
659
0.002032041549682617
1317
0.0021810531616210938
1975
0.0022420883178710938
2633
0.002295970916748047
3545
0.0024230480194091797
4129
0.0024721622467041016
4713
0.002518177032470703
5371
0.0025789737701416016
5955
0.002680063247680664
6539
0.002730131149291992
7451
0.002796173095703125
8034
0.002891063690185547
8946
0.002946138381958008
9857
0.0030150413513183594
10440
0.0031280517578125
11352
0.0031859874725341797
12010
0.003256082534790039
12594
0.0033190250396728516
13505
0.0034360885620117188
14417
0.003548145294189453
15075
0.003662109375
15733
0.0037260055541992188
16644
0.003801107406616211
17227
0.003911018371582031
17885
0.003988027572631836
18543
0.004060029983520508
19126
0.004171133041381836
19709
0.004243135452270508
20620
0.004316091537475586
21531
0.004413127899169922
22189
0.0052831172943115234
22773
0.006217002868652344
23356
0.006926059722900391
24014
0.009757041931152344
0
659
0.002034902572631836
1317
0.0022029876708984375
1975
0.0022618770599365234
2633
0.002315998077392578
3291
0.0023610591888427734
3875
0.0024678707122802734
4459
0.0025310516357421875
5043
0.002577066421508789
5955
0.0026319026947021484
6539
0.002758026123046875
7451
0.002811908721923828
8035
0.002866983413696289
8946
0.0029969215393066406
9858
0.0030760765075683594
10441
0.0031309127807617188
11025
0.0031859874725341797
11608
0.0033080577850341797
12520
0.003367900848388672
13432
0.003426074981689453
14015
0.0035240650177001953
14926
0.003615856170654297
15584
0.003679037094116211
16495
0.003773927688598633
17153
0.003841876983642578
17811
0.0039670467376708984
18394
0.004045963287353516
18977
0.004117012023925781
19635
0.004230976104736328
20293
0.004302024841308594
20876
0.004374027252197266
21787
0.004483938217163086
22698
0.004561901092529297
23356
0.005075931549072266
24014
0.009495973587036133
0
659
0.0020380020141601562
1317
0.0021491050720214844
1975
0.0022399425506591797
2559
0.002429962158203125
3143
0.0024919509887695312
3727
0.0025391578674316406
4639
0.002588987350463867
5223
0.002671957015991211
5807
0.0028390884399414062
6390
0.002946138381958008
7302
0.003013134002685547
7885
0.0030629634857177734
8796
0.003116130828857422
9454
0.0032470226287841797
10366
0.0033080577850341797
11278
0.003364086151123047
11861
0.0034351348876953125
12519
0.0035371780395507812
13102
0.0035970211029052734
14013
0.0036940574645996094
14671
0.0037550926208496094
15254
0.0038700103759765625
16166
0.003941059112548828
17077
0.004004955291748047
17988
0.004134178161621094
18646
0.004208087921142578
19230
0.004275083541870117
19888
0.0043849945068359375
20799
0.004455089569091797
21382
0.004670143127441406
22040
0.0049669742584228516
22698
0.005071163177490234
23356
0.0052111148834228516
24014
0.009637117385864258
0
659
0.0020089149475097656
1317
0.0021500587463378906
1975
0.0022089481353759766
2633
0.002262115478515625
3217
0.0024080276489257812
3875
0.002454042434692383
4459
0.002496004104614258
5043
0.0025529861450195312
5955
0.002599954605102539
6539
0.0026760101318359375
7451
0.0027480125427246094
8035
0.002850055694580078
8947
0.0029060840606689453
9530
0.0029680728912353516
10441
0.0030241012573242188
11025
0.0031290054321289062
11937
0.0031991004943847656
12520
0.0032930374145507812
13178
0.0033490657806396484
13761
0.003442049026489258
14672
0.0035381317138671875
15330
0.003618955612182617
16241
0.0037081241607666016
16899
0.0037689208984375
17482
0.0038650035858154297
18065
0.0039370059967041016
18723
0.003999948501586914
19635
0.004133939743041992
20293
0.004199981689453125
20876
0.004271030426025391
21787
0.004374027252197266
22698
0.004449129104614258
23356
0.005053043365478516
24014
0.00940394401550293
0
659
0.0022199153900146484
1317
0.002299070358276367
1975
0.0023529529571533203
2633
0.002424955368041992
3291
0.0024709701538085938
3875
0.002518892288208008
4787
0.002652883529663086
5371
0.0026998519897460938
5955
0.002743959426879883
6867
0.0028090476989746094
7451
0.002856016159057617
8034
0.0029969215393066406
8617
0.0030710697174072266
9201
0.0031418800354003906
10112
0.0031960010528564453
11024
0.003248929977416992
11936
0.003301858901977539
12847
0.0034170150756835938
13505
0.003473997116088867
14088
0.0035669803619384766
14746
0.003659963607788086
15330
0.003718852996826172
15988
0.003782033920288086
16646
0.0038878917694091797
17557
0.0039539337158203125
18215
0.004021883010864258
18798
0.004122018814086914
19381
0.004189014434814453
20292
0.004252910614013672
20875
0.004356861114501953
21787
0.004428863525390625
22698
0.0048449039459228516
23356
0.005102872848510742
24014
0.009469032287597656
0
659
0.0019681453704833984
1317
0.0021049976348876953
1975
0.0021610260009765625
2633
0.002218008041381836
3291
0.0023632049560546875
3875
0.0024139881134033203
4459
0.0024700164794921875
5043
0.0025131702423095703
5955
0.002560138702392578
6867
0.0026471614837646484
7451
0.002723217010498047
8363
0.002814054489135742
8946
0.002924203872680664
9530
0.0029990673065185547
10441
0.0030510425567626953
11099
0.0031549930572509766
12011
0.0032110214233398438
12594
0.0032892227172851562
13177
0.0033512115478515625
13835
0.003500223159790039
14746
0.0035600662231445312
15404
0.0036211013793945312
16062
0.0037310123443603516
16645
0.0037920475006103516
17557
0.003859996795654297
18215
0.00395512580871582
19126
0.004019021987915039
20037
0.0041120052337646484
20621
0.004178047180175781
21532
0.0042841434478759766
22115
0.004350185394287109
22698
0.005178213119506836
23356
0.0052471160888671875
24014
0.009911060333251953
0
659
0.0019998550415039062
1317
0.002115011215209961
1975
0.0022449493408203125
2633
0.0023000240325927734
3217
0.0023479461669921875
3801
0.002396821975708008
4459
0.0025038719177246094
5043
0.0025489330291748047
5955
0.0025968551635742188
6539
0.002696990966796875
7451
0.0027458667755126953
8035
0.0028798580169677734
8947
0.0029480457305908203
9530
0.0030889511108398438
10113
0.0031418800354003906
10696
0.003192901611328125
11280
0.0032448768615722656
12191
0.003298044204711914
12849
0.0034019947052001953
13760
0.0034978389739990234
14672
0.003554821014404297
15583
0.0036399364471435547
16241
0.0037279129028320312
16899
0.003799915313720703
17811
0.0039098262786865234
18394
0.003983974456787109
18977
0.0040509700775146484
19635
0.004156827926635742
20293
0.0042269229888916016
20876
0.004293918609619141
21787
0.004398822784423828
22698
0.0044708251953125
23356
0.005007028579711914
24014
0.009416818618774414
0
659
0.002028226852416992
1317
0.0021600723266601562
1975
0.002218008041381836
2633
0.002270221710205078
3217
0.0023550987243652344
3875
0.0024650096893310547
4459
0.0025110244750976562
5043
0.0025680065155029297
5955
0.0026140213012695312
6867
0.002699136734008789
7451
0.0027701854705810547
8034
0.002888202667236328
8618
0.0029430389404296875
9202
0.0030012130737304688
10113
0.0030901432037353516
11025
0.0031430721282958984
11937
0.0032532215118408203
12520
0.0033080577850341797
13103
0.0033621788024902344
14014
0.0034530162811279297
14926
0.0035521984100341797
15584
0.003634214401245117
16495
0.0037190914154052734
17153
0.0039081573486328125
17811
0.0039730072021484375
18394
0.004034996032714844
18977
0.004102230072021484
19635
0.004218101501464844
20218
0.004291057586669922
20876
0.004355192184448242
21787
0.004461050033569336
22698
0.004530191421508789
23356
0.005113124847412109
24014
0.009394168853759766
0
659
0.002142190933227539
1317
0.0022161006927490234
1975
0.0022780895233154297
2887
0.0024330615997314453
3545
0.0024890899658203125
4203
0.002534151077270508
4787
0.0025789737701416016
5371
0.002637147903442383
5955
0.002682209014892578
6539
0.0027740001678466797
7123
0.0028371810913085938
8035
0.002888202667236328
8619
0.0030100345611572266
9531
0.0030851364135742188
10114
0.003164052963256836
10697
0.003216981887817383
11608
0.0032720565795898438
12520
0.0033721923828125
13178
0.0034291744232177734
13761
0.003484010696411133
14344
0.003582000732421875
15255
0.003686189651489258
16166
0.003748178482055664
16824
0.003815174102783203
17482
0.003912210464477539
18140
0.003976106643676758
18723
0.004044055938720703
19634
0.004214048385620117
20292
0.00428318977355957
20875
0.004347085952758789
21787
0.0044400691986083984
22698
0.004839181900024414
23356
0.005093097686767578
24014
0.009563207626342773
0
659
0.002110004425048828
1317
0.0021800994873046875
1975
0.002379179000854492
2633
0.002437114715576172
3291
0.002482175827026367
3875
0.0025310516357421875
4459
0.0025911331176757812
5043
0.002637147903442383
5955
0.0026869773864746094
6867
0.002813100814819336
7450
0.0028710365295410156
8034
0.00292205810546875
8617
0.0030570030212402344
9201
0.003136157989501953
10112
0.0031909942626953125
11024
0.0032470226287841797
11607
0.003304004669189453
12519
0.0034341812133789062
13102
0.0034940242767333984
13686
0.003596067428588867
14344
0.003657102584838867
15255
0.0037660598754882812
15913
0.0038361549377441406
16571
0.0039081573486328125
17229
0.003977060317993164
18141
0.004106998443603516
18724
0.004176139831542969
19635
0.004251956939697266
20293
0.004366159439086914
21204
0.004441022872924805
21787
0.004510164260864258
22698
0.004603147506713867
23356
0.005259037017822266
24014
0.01008296012878418
0
659
0.002032041549682617
1317
0.0021560192108154297
1975
0.002214193344116211
2633
0.0023610591888427734
3291
0.0024111270904541016
3875
0.002493143081665039
4459
0.0025529861450195312
5371
0.002601146697998047
5955
0.002699136734008789
6867
0.0027730464935302734
7451
0.0028231143951416016
8035
0.0029561519622802734
8619
0.003025054931640625
9530
0.003103017807006836
10442
0.003158092498779297
11025
0.003213167190551758
11608
0.003269195556640625
12191
0.0033960342407226562
13103
0.0034570693969726562
14015
0.0035550594329833984
14673
0.003614187240600586
15256
0.0037081241607666016
16167
0.003779172897338867
16825
0.0038421154022216797
17483
0.0039501190185546875
18066
0.004022121429443359
18977
0.0040891170501708984
19635
0.0042040348052978516
20293
0.004274129867553711
20876
0.004346132278442383
21787
0.004454135894775391
22698
0.004531145095825195
23356
0.005017995834350586
24014
0.009351015090942383
0
659
0.0022039413452148438
1317
0.0022780895233154297
1975
0.002331972122192383
2633
0.002499103546142578
3291
0.002543926239013672
3875
0.0025899410247802734
4459
0.002646923065185547
5043
0.0026891231536865234
5627
0.0027320384979248047
6539
0.002794981002807617
7122
0.0029299259185791016
8034
0.0029859542846679688
8946
0.003053903579711914
9530
0.003125905990600586
10114
0.003175020217895508
11025
0.0032269954681396484
11608
0.003359079360961914
12520
0.00341796875
13178
0.0034720897674560547
13761
0.0035660266876220703
14344
0.0036230087280273438
15002
0.0037310123443603516
15913
0.003802061080932617
16824
0.003865957260131836
17407
0.003972053527832031
18065
0.004046916961669922
18723
0.004110097885131836
19306
0.0042150020599365234
19964
0.00428009033203125
20875
0.0043489933013916016
21533
0.0050051212310791016
22445
0.007040977478027344
23103
0.009253978729248047
24014
0.011527061462402344
0
659
0.00201416015625
1317
0.0021791458129882812
1975
0.002237081527709961
2633
0.002295970916748047
3217
0.0024220943450927734
3801
0.0024721622467041016
4385
0.0025300979614257812
5297
0.0025751590728759766
5955
0.002621173858642578
6539
0.0027370452880859375
7123
0.0027840137481689453
8035
0.002832174301147461
8947
0.0029180049896240234
9530
0.0030519962310791016
10114
0.003108978271484375
11025
0.0031671524047851562
11608
0.0032761096954345703
12520
0.0033371448516845703
13103
0.0033910274505615234
14014
0.0035181045532226562
14672
0.003576040267944336
15330
0.0036821365356445312
15988
0.003748178482055664
16571
0.00380706787109375
17483
0.003901958465576172
18394
0.003973960876464844
18977
0.004037141799926758
19635
0.004142045974731445
20218
0.004206180572509766
20876
0.004273176193237305
21787
0.004379987716674805
22698
0.004454135894775391
23356
0.0050771236419677734
24014
0.009432077407836914
0
659
0.0020809173583984375
1317
0.0022089481353759766
1975
0.0022699832916259766
2633
0.0024039745330810547
3291
0.0024499893188476562
3875
0.002496957778930664
4459
0.0025539398193359375
5043
0.0025980472564697266
5627
0.0026760101318359375
6539
0.0027399063110351562
7451
0.002786874771118164
8363
0.0028638839721679688
8947
0.003075838088989258
9859
0.0031578540802001953
10442
0.0032110214233398438
11025
0.0032608509063720703
11609
0.003312826156616211
12192
0.0034079551696777344
13103
0.0034639835357666016
14014
0.003557920455932617
14926
0.003618955612182617
15837
0.003720998764038086
16495
0.0037870407104492188
17153
0.003846883773803711
17811
0.0039520263671875
18394
0.004019975662231445
18977
0.0040819644927978516
19560
0.004186868667602539
20218
0.004252910614013672
20876
0.004318952560424805
21787
0.004418849945068359
22698
0.004492044448852539
23356
0.005129814147949219
24014
0.009551048278808594
0
659
0.001993894577026367
1317
0.002156972885131836
1975
0.002212047576904297
2887
0.0023779869079589844
3545
0.002435922622680664
4129
0.0024788379669189453
4713
0.002521991729736328
5297
0.0025780200958251953
5881
0.002641916275024414
6793
0.0027289390563964844
7377
0.0027990341186523438
7961
0.0029129981994628906
8872
0.002964019775390625
9784
0.003030061721801758
10367
0.0031099319458007812
10950
0.003161907196044922
11533
0.003262042999267578
12445
0.0033168792724609375
13103
0.003371000289916992
14014
0.003453969955444336
14926
0.0035560131072998047
15509
0.0036458969116210938
16167
0.0037050247192382812
17078
0.003923892974853516
17661
0.003984928131103516
18319
0.004045963287353516
18902
0.004209995269775391
19560
0.004273891448974609
20471
0.0043430328369140625
21382
0.004436016082763672
22040
0.0046100616455078125
22698
0.0046770572662353516
23356
0.005185842514038086
24014
0.009531021118164062
0
659
0.002184152603149414
1317
0.002259969711303711
1975
0.002310037612915039
2633
0.002360105514526367
3291
0.002402067184448242
3875
0.0025119781494140625
4459
0.00257110595703125
5043
0.0026149749755859375
5955
0.0026619434356689453
6539
0.0027730464935302734
7451
0.0028340816497802734
8035
0.0028810501098632812
8618
0.0030341148376464844
9529
0.0031239986419677734
10441
0.003178119659423828
11025
0.0032291412353515625
11937
0.0033409595489501953
12595
0.003401041030883789
13253
0.003454923629760742
13836
0.003548145294189453
14419
0.0036029815673828125
15077
0.0037081241607666016
15988
0.003773927688598633
16646
0.003880023956298828
17229
0.003942012786865234
17812
0.004007101058959961
18723
0.0040700435638427734
19381
0.004189014434814453
20292
0.004256010055541992
20875
0.004323005676269531
21787
0.004414081573486328
22698
0.004589080810546875
23356
0.0051479339599609375
24014
0.009530067443847656
0
659
0.0021719932556152344
1317
0.002246856689453125
1975
0.0022988319396972656
2633
0.002349853515625
3545
0.002466917037963867
4129
0.0025129318237304688
4713
0.00255584716796875
5371
0.0026140213012695312
5955
0.002708911895751953
6539
0.002755880355834961
7451
0.0028200149536132812
8363
0.002914905548095703
8946
0.0029659271240234375
9530
0.0030329227447509766
10442
0.0031468868255615234
11353
0.003206968307495117
12265
0.003283977508544922
12848
0.003337860107421875
13506
0.003437042236328125
14164
0.0035598278045654297
14748
0.0036170482635498047
15659
0.0037009716033935547
16570
0.003818988800048828
17153
0.003883838653564453
17811
0.0039479732513427734
18469
0.0040149688720703125
19052
0.004132986068725586
19635
0.004200935363769531
20546
0.004266023635864258
21457
0.004375934600830078
22115
0.0044438838958740234
22698
0.004542827606201172
23356
0.005162954330444336
24014
0.00962686538696289
0
659
0.002045154571533203
1317
0.002415180206298828
1901
0.002473115921020508
2485
0.002524137496948242
3069
0.0025670528411865234
3981
0.0026171207427978516
4639
0.0026750564575195312
5297
0.0027191638946533203
5955
0.002763032913208008
6539
0.0028781890869140625
7122
0.0029261112213134766
8033
0.0029740333557128906
8945
0.0030460357666015625
9528
0.003200054168701172
10440
0.0032570362091064453
11352
0.0033102035522460938
11935
0.0033631324768066406
12519
0.0034160614013671875
13177
0.0035161972045898438
13761
0.0036110877990722656
14672
0.003668069839477539
15330
0.0037550926208496094
16241
0.0038220882415771484
16899
0.003881216049194336
17557
0.0039861202239990234
18140
0.004054069519042969
18723
0.004116058349609375
19634
0.004220008850097656
20217
0.004285097122192383
20875
0.004352092742919922
21533
0.0050961971282958984
22445
0.005388021469116211
23356
0.005971193313598633
24014
0.009490013122558594
