0
1185
0.0035719871520996094
2383
0.003849029541015625
3590
0.003944873809814453
4798
0.00404810905456543
5982
0.004127025604248047
7190
0.004296064376831055
8273
0.004378080368041992
9424
0.004591941833496094
10622
0.004695892333984375
11820
0.0047800540924072266
13018
0.0049779415130615234
14137
0.005053043365478516
15289
0.005151033401489258
16407
0.005300045013427734
17605
0.005403041839599609
18803
0.005474090576171875
20011
0.010264873504638672
0
1153
0.002557039260864258
2236
0.002974987030029297
3420
0.0030679702758789062
4618
0.003195047378540039
5816
0.003278970718383789
7024
0.0034499168395996094
8222
0.003592967987060547
9406
0.0036699771881103516
10613
0.003860950469970703
11764
0.0039479732513427734
12883
0.0040400028228759766
14091
0.004263877868652344
15209
0.004477024078369141
16407
0.0045430660247802734
17605
0.004608869552612305
18803
0.004725933074951172
20011
0.008498907089233398
0
1153
0.0025930404663085938
2236
0.0027561187744140625
3434
0.0030641555786132812
4618
0.0031719207763671875
5826
0.0032579898834228516
7024
0.0033791065216064453
8175
0.003528118133544922
9382
0.0036170482635498047
10590
0.00380706787109375
11774
0.0038909912109375
12972
0.0039751529693603516
14170
0.004188060760498047
15368
0.004338979721069336
16487
0.004434108734130859
17605
0.0045490264892578125
18803
0.004642009735107422
20011
0.008520126342773438
0
1153
0.0025970935821533203
2236
0.0028738975524902344
3420
0.0029609203338623047
4618
0.003156900405883789
5825
0.0032110214233398438
7023
0.0033500194549560547
8231
0.003495931625366211
9382
0.0035789012908935547
10566
0.003659963607788086
11764
0.0038709640502929688
12962
0.004010915756225586
14081
0.0041370391845703125
15279
0.004312992095947266
16487
0.004379987716674805
17685
0.004539966583251953
18803
0.004606008529663086
20011
0.008765935897827148
0
1153
0.0025789737701416016
2337
0.003016948699951172
3535
0.0031189918518066406
4733
0.003223896026611328
5816
0.003300905227661133
6967
0.0034799575805664062
8175
0.003604888916015625
9359
0.0036818981170654297
10566
0.0038421154022216797
11764
0.003930091857910156
12883
0.004019021987915039
14091
0.0042150020599365234
15289
0.004385948181152344
16407
0.0045299530029296875
17605
0.004595041275024414
18803
0.004686117172241211
20011
0.008220911026000977
0
1153
0.0025489330291748047
2236
0.0028090476989746094
3420
0.003072023391723633
4628
0.003162860870361328
5826
0.0032160282135009766
7024
0.0033240318298339844
8143
0.0034999847412109375
9294
0.003593921661376953
10501
0.0037260055541992188
11685
0.003823995590209961
12883
0.004066944122314453
14091
0.004196882247924805
15289
0.004423856735229492
16487
0.004488945007324219
17605
0.00457000732421875
18803
0.004695892333984375
20011
0.008656978607177734
0
1153
0.0025811195373535156
2236
0.002843141555786133
3420
0.003077983856201172
4627
0.0031709671020507812
5825
0.003255128860473633
7033
0.003376007080078125
8231
0.0035190582275390625
9415
0.003654956817626953
10534
0.0037720203399658203
11732
0.003928184509277344
12883
0.0040130615234375
14091
0.00418400764465332
15289
0.0043261051177978516
16487
0.004464149475097656
17605
0.004528999328613281
18803
0.004899024963378906
20011
0.008638143539428711
0
1153
0.0025949478149414062
2236
0.002727985382080078
3444
0.0029518604278564453
4651
0.003156900405883789
5849
0.0032579898834228516
7047
0.003314971923828125
8245
0.0034160614013671875
9396
0.003618001937866211
10515
0.003702878952026367
11699
0.003946065902709961
12817
0.0040929317474365234
14001
0.0042340755462646484
15199
0.004369020462036133
16407
0.00450897216796875
17605
0.0045740604400634766
18803
0.004667997360229492
20011
0.008635997772216797
0
1153
0.002544879913330078
2351
0.002939939498901367
3535
0.0031349658966064453
4618
0.003259897232055664
5769
0.003320932388305664
6976
0.0034339427947998047
8184
0.0035338401794433594
9382
0.0036199092864990234
10500
0.003780841827392578
11684
0.0038869380950927734
12882
0.003988981246948242
14080
0.004221916198730469
15199
0.0044138431549072266
16397
0.004555940628051758
17605
0.004621028900146484
18803
0.004714012145996094
20011
0.008337974548339844
0
1153
0.0026068687438964844
2351
0.0030508041381835938
3502
0.0031499862670898438
4620
0.003253936767578125
5804
0.0033109188079833984
7011
0.003549814224243164
8219
0.003648996353149414
9417
0.003738880157470703
10601
0.003949880599975586
11809
0.004055976867675781
13007
0.004212856292724609
14205
0.004423856735229492
15403
0.004490852355957031
16522
0.004556894302368164
17720
0.004701852798461914
18803
0.0047969818115234375
20011
0.008606910705566406
0
1153
0.0025789737701416016
2361
0.003103971481323242
3559
0.003194093704223633
4757
0.0033130645751953125
5941
0.003462076187133789
7092
0.003535032272338867
8211
0.0036339759826660156
9329
0.0038270950317382812
10513
0.003922939300537109
11720
0.003982067108154297
12918
0.004090070724487305
14126
0.0043408870697021484
15324
0.004499912261962891
16522
0.004630088806152344
17605
0.0046939849853515625
18803
0.004786014556884766
20011
0.008649110794067383
0
1153
0.002552032470703125
2236
0.0029571056365966797
3420
0.0030481815338134766
4628
0.003152132034301758
5826
0.0033550262451171875
6945
0.0035080909729003906
8063
0.0036132335662841797
9261
0.0038111209869384766
10468
0.0039010047912597656
11652
0.003997087478637695
12850
0.004210233688354492
14048
0.004355192184448242
15199
0.004421234130859375
16407
0.004558086395263672
17605
0.004653215408325195
18803
0.004717111587524414
20011
0.008471012115478516
0
1153
0.0025801658630371094
2236
0.002868175506591797
3387
0.003097057342529297
4571
0.0032351016998291016
5769
0.003317117691040039
6887
0.0035109519958496094
8085
0.0036041736602783203
9292
0.0037670135498046875
10500
0.0038640499114990234
11708
0.003970146179199219
12827
0.004137992858886719
14011
0.0042459964752197266
15209
0.004405975341796875
16407
0.004557132720947266
17605
0.004659175872802734
18803
0.00475001335144043
20011
0.008691072463989258
0
1153
0.0025479793548583984
2236
0.0029439926147460938
3420
0.003036975860595703
4618
0.0031578540802001953
5816
0.0032389163970947266
7023
0.0034317970275878906
8141
0.003509998321533203
9349
0.003591775894165039
10500
0.003780841827392578
11698
0.0038788318634033203
12817
0.003985881805419922
14001
0.004288911819458008
15199
0.0044438838958740234
16397
0.004583835601806641
17605
0.0046808719635009766
18803
0.004746913909912109
20011
0.008419990539550781
0
1153
0.002552032470703125
2351
0.002927064895629883
3559
0.0031769275665283203
4642
0.0032601356506347656
5760
0.0033500194549560547
6944
0.003551006317138672
8142
0.003628969192504883
9293
0.003728151321411133
10477
0.0038869380950927734
11596
0.00397491455078125
12794
0.0041179656982421875
14001
0.004354953765869141
15199
0.0044209957122802734
16407
0.004524946212768555
17605
0.0046651363372802734
18803
0.0047359466552734375
20011
0.008502006530761719
0
1153
0.0025641918182373047
2236
0.0027320384979248047
3420
0.002905130386352539
4627
0.003103017807006836
5835
0.003180980682373047
7033
0.003304004669189453
8231
0.003475189208984375
9429
0.0035371780395507812
10613
0.003656148910522461
11732
0.0038051605224609375
12930
0.003946065902709961
14081
0.004069089889526367
15279
0.00428009033203125
16487
0.004439115524291992
17605
0.004536151885986328
18803
0.004601001739501953
20011
0.008459091186523438
0
1153
0.0026581287384033203
2236
0.0027990341186523438
3434
0.003075122833251953
4618
0.0032460689544677734
5826
0.00333404541015625
7024
0.0034339427947998047
8208
0.003607034683227539
9406
0.0036950111389160156
10525
0.0037860870361328125
11732
0.00395512580871582
12940
0.004054069519042969
14138
0.004187107086181641
15336
0.004393100738525391
16487
0.004539012908935547
17605
0.0046389102935791016
18803
0.004705905914306641
20011
0.008790016174316406
0
1153
0.002682924270629883
2351
0.003016948699951172
3434
0.0031120777130126953
4585
0.003242015838623047
5769
0.0033130645751953125
6887
0.003545999526977539
8094
0.0036339759826660156
9278
0.003813028335571289
10486
0.003918886184692383
11684
0.004010915756225586
12882
0.004136085510253906
14090
0.0044040679931640625
15288
0.00450587272644043
16486
0.0045740604400634766
17684
0.004703044891357422
18803
0.00477290153503418
20011
0.008606910705566406
0
1153
0.0027751922607421875
2337
0.0030930042266845703
3535
0.0032072067260742188
4618
0.003294229507446289
5769
0.003402233123779297
6976
0.0036170482635498047
8095
0.00368499755859375
9293
0.0037691593170166016
10491
0.0038580894470214844
11699
0.004021167755126953
12907
0.0041120052337646484
14091
0.004248142242431641
15209
0.004473209381103516
16407
0.004615068435668945
17605
0.004679203033447266
18803
0.004760026931762695
20011
0.008483171463012695
0
1153
0.002683877944946289
2236
0.0029058456420898438
3434
0.0030260086059570312
4585
0.0032269954681396484
5783
0.0032808780670166016
6991
0.0034699440002441406
8189
0.0035698413848876953
9373
0.003718852996826172
10557
0.003949880599975586
11676
0.004022836685180664
12794
0.0041179656982421875
14001
0.004312992095947266
15199
0.004462003707885742
16407
0.004642963409423828
17605
0.004748821258544922
18803
0.004817962646484375
20011
0.008450984954833984
0
1153
0.002660989761352539
2236
0.002872943878173828
3420
0.0030858516693115234
4604
0.0031919479370117188
5802
0.003253936767578125
7000
0.0033638477325439453
8208
0.0035219192504882812
9406
0.0036308765411376953
10613
0.0037338733673095703
11731
0.003919839859008789
12850
0.004046916961669922
14058
0.0042798519134521484
15256
0.004354000091552734
16454
0.004477977752685547
17652
0.004620790481567383
18803
0.004694938659667969
20011
0.008434772491455078
0
1153
0.0027201175689697266
2351
0.0030100345611572266
3535
0.003100156784057617
4742
0.0031881332397460938
5825
0.0032720565795898438
6976
0.0034651756286621094
8184
0.0035691261291503906
9368
0.0036499500274658203
10486
0.0038080215454101562
11684
0.003909111022949219
12882
0.004050016403198242
14080
0.004275083541870117
15199
0.0043811798095703125
16407
0.0045320987701416016
17605
0.004628181457519531
18803
0.00469207763671875
20011
0.008605003356933594
0
1153
0.0027158260345458984
2351
0.003039836883544922
3434
0.0031290054321289062
4618
0.003229856491088867
5825
0.003309965133666992
7023
0.00350189208984375
8207
0.003582000732421875
9358
0.003665924072265625
10566
0.0038809776306152344
11684
0.003987789154052734
12882
0.004158973693847656
14090
0.004297971725463867
15209
0.004426002502441406
16407
0.0045778751373291016
17605
0.004643917083740234
18803
0.0047359466552734375
20011
0.008401870727539062
0
1153
0.0025861263275146484
2236
0.002893209457397461
3420
0.0029730796813964844
4618
0.003068208694458008
5825
0.003304004669189453
7033
0.0033681392669677734
8184
0.003515005111694336
9368
0.0035970211029052734
10566
0.003710031509399414
11685
0.0038971900939941406
12883
0.0040051937103271484
14081
0.004137992858886719
15289
0.004366159439086914
16487
0.004469156265258789
17605
0.004565000534057617
18803
0.0046579837799072266
20011
0.008580207824707031
0
1153
0.0025949478149414062
2236
0.002811908721923828
3420
0.003078937530517578
4618
0.0031838417053222656
5816
0.003271818161010742
6967
0.0034148693084716797
8174
0.003515005111694336
9382
0.0035707950592041016
10501
0.0037720203399658203
11709
0.003858804702758789
12893
0.003949880599975586
14091
0.004164934158325195
15289
0.004354953765869141
16487
0.004459857940673828
17605
0.004556894302368164
18803
0.0046539306640625
20011
0.008560895919799805
0
1153
0.002662181854248047
2337
0.0029392242431640625
3535
0.003039121627807617
4742
0.003245115280151367
5893
0.0033111572265625
7101
0.0034542083740234375
8285
0.003564119338989258
9483
0.0037491321563720703
10691
0.0038290023803710938
11889
0.003985166549682617
13087
0.004124164581298828
14206
0.004411220550537109
15289
0.0045011043548583984
16407
0.004564046859741211
17605
0.0046880245208740234
18803
0.004758119583129883
20011
0.008507013320922852
0
1153
0.0026731491088867188
2337
0.002905130386352539
3535
0.0031981468200683594
4742
0.003292083740234375
5950
0.0034050941467285156
7148
0.0035130977630615234
8332
0.003720998764038086
9530
0.0038099288940429688
10728
0.0039310455322265625
11879
0.004019975662231445
13077
0.004260063171386719
14196
0.0043599605560302734
15314
0.004425048828125
16512
0.004544973373413086
17720
0.004660129547119141
18803
0.006044149398803711
20011
0.008513927459716797
0
1153
0.002627134323120117
2236
0.0030961036682128906
3434
0.003194093704223633
4618
0.0032889842987060547
5826
0.003390073776245117
7010
0.0035660266876220703
8208
0.0036611557006835938
9359
0.0037450790405273438
10478
0.0039081573486328125
11685
0.0040509700775146484
12883
0.0041620731353759766
14081
0.0043370723724365234
15279
0.004453182220458984
16487
0.004620075225830078
17685
0.004723072052001953
18803
0.0047910213470458984
20011
0.008476972579956055
0
1153
0.002619028091430664
2236
0.0028128623962402344
3420
0.0030930042266845703
4627
0.0032248497009277344
5835
0.0032989978790283203
6986
0.0034780502319335938
8170
0.003582000732421875
9368
0.003674030303955078
10566
0.003877878189086914
11764
0.004004955291748047
12883
0.004122018814086914
14081
0.004284858703613281
15289
0.004374980926513672
16487
0.004511833190917969
17605
0.004609823226928711
18803
0.004675865173339844
20011
0.008605003356933594
0
1153
0.0026280879974365234
2236
0.002996206283569336
3420
0.0030930042266845703
4618
0.0032072067260742188
5816
0.003286123275756836
7024
0.0035130977630615234
8175
0.0036110877990722656
9359
0.00372314453125
10557
0.003880023956298828
11676
0.003974199295043945
12883
0.004118204116821289
14091
0.004346132278442383
15289
0.004433155059814453
16487
0.00454401969909668
17685
0.004682064056396484
18803
0.00475001335144043
20011
0.00831913948059082
0
1153
0.002705812454223633
2236
0.003041982650756836
3420
0.0031309127807617188
4618
0.0032508373260498047
5769
0.0033087730407714844
6976
0.003493785858154297
8184
0.003596782684326172
9382
0.003676891326904297
10580
0.003877878189086914
11788
0.003962993621826172
12972
0.004049777984619141
14170
0.0043947696685791016
15289
0.0045528411865234375
16407
0.004620790481567383
17605
0.004725933074951172
18803
0.00482177734375
20011
0.00865483283996582
0
1153
0.0025510787963867188
2351
0.0029449462890625
3434
0.0030670166015625
4618
0.0031609535217285156
5825
0.003228902816772461
7009
0.0034580230712890625
8207
0.0035390853881835938
9358
0.003632068634033203
10566
0.003832101821899414
11764
0.00397491455078125
12883
0.004040956497192383
14081
0.0041539669036865234
15289
0.004456043243408203
16407
0.0045680999755859375
17605
0.004636049270629883
18803
0.004734992980957031
20011
0.008404016494750977
0
1153
0.0026030540466308594
2236
0.0027480125427246094
3420
0.002928018569946289
4627
0.0031409263610839844
5835
0.003228902816772461
7033
0.0034101009368896484
8231
0.003465890884399414
9415
0.003634929656982422
10534
0.0037980079650878906
11732
0.003896951675415039
12930
0.004024982452392578
14081
0.004204988479614258
15279
0.004352092742919922
16487
0.004503965377807617
17685
0.004606962203979492
18803
0.004673004150390625
20011
0.008716106414794922
0
1153
0.0026509761810302734
2337
0.002949953079223633
3535
0.0030341148376464844
4618
0.003114938735961914
5769
0.0031991004943847656
6977
0.0034151077270507812
8161
0.003551959991455078
9359
0.0036520957946777344
10557
0.0037119388580322266
11676
0.004043102264404297
12883
0.0041790008544921875
14091
0.004318952560424805
15289
0.004446983337402344
16487
0.004540920257568359
17605
0.004637002944946289
18803
0.004734992980957031
20011
0.008634090423583984
0
1153
0.0025908946990966797
2236
0.002889871597290039
3420
0.0029959678649902344
4627
0.003231048583984375
5835
0.0033299922943115234
7033
0.0034470558166503906
8152
0.0035829544067382812
9336
0.003702878952026367
10534
0.003782033920288086
11732
0.003961086273193359
12930
0.004034996032714844
14081
0.004175901412963867
15279
0.00436091423034668
16487
0.004551887512207031
17685
0.004617929458618164
18803
0.004682064056396484
20011
0.008600950241088867
0
1153
0.002618074417114258
2236
0.002949953079223633
3420
0.003042936325073242
4618
0.003145933151245117
5769
0.0033299922943115234
6976
0.0034248828887939453
8184
0.003506898880004883
9382
0.0036649703979492188
10566
0.003762960433959961
11764
0.0038590431213378906
12883
0.004064083099365234
14081
0.004149913787841797
15289
0.004312992095947266
16407
0.004489898681640625
17605
0.004561901092529297
18803
0.004697084426879883
20011
0.008342981338500977
0
1153
0.0026378631591796875
2236
0.002917051315307617
3420
0.003020048141479492
4618
0.00323486328125
5826
0.003339052200317383
7024
0.003442049026489258
8143
0.0036270618438720703
9341
0.0037369728088378906
10548
0.0038199424743652344
11732
0.003942966461181641
12930
0.004148006439208984
14128
0.004236936569213867
15279
0.004353046417236328
16477
0.004518032073974609
17595
0.004630088806152344
18803
0.0046939849853515625
20011
0.008548974990844727
0
1153
0.002549886703491211
2236
0.0027871131896972656
3420
0.0030319690704345703
4618
0.0031540393829345703
5816
0.003256082534790039
7014
0.003420114517211914
8222
0.003551959991455078
9373
0.0036580562591552734
10557
0.0037488937377929688
11676
0.0039501190185546875
12883
0.004045009613037109
14091
0.00419306755065918
15289
0.004441976547241211
16487
0.00450897216796875
17605
0.004575014114379883
18803
0.004709959030151367
20011
0.008621931076049805
0
1153
0.002563953399658203
2236
0.0028438568115234375
3420
0.002931833267211914
4628
0.003170013427734375
5826
0.0032529830932617188
7024
0.0033278465270996094
8143
0.003548860549926758
9294
0.0036330223083496094
10478
0.003721952438354492
11685
0.0038788318634033203
12883
0.004011869430541992
14081
0.004216909408569336
15279
0.0043528079986572266
16487
0.0045168399810791016
17605
0.004582881927490234
18803
0.004673957824707031
20011
0.008582830429077148
0
1153
0.0028040409088134766
2236
0.0029671192169189453
3420
0.0031859874725341797
4628
0.0032949447631835938
5826
0.0034079551696777344
7024
0.0035109519958496094
8208
0.0036149024963378906
9359
0.003734111785888672
10478
0.003823995590209961
11685
0.0039861202239990234
12893
0.0041980743408203125
14091
0.0043261051177978516
15289
0.004491090774536133
16487
0.0045909881591796875
17685
0.004687070846557617
18803
0.004770040512084961
20011
0.008445978164672852
0
1153
0.0027170181274414062
2337
0.002877950668334961
3545
0.0031480789184570312
4729
0.0032720565795898438
5927
0.003326892852783203
7125
0.0034329891204833984
8332
0.0036280155181884766
9483
0.0037200450897216797
10602
0.003832101821899414
11800
0.0039980411529541016
13008
0.004108905792236328
14091
0.004308938980102539
15289
0.004466056823730469
16407
0.0045850276947021484
17605
0.004690885543823242
18803
0.004759073257446289
20011
0.008567094802856445
0
1153
0.002585887908935547
2236
0.0028619766235351562
3420
0.002988100051879883
4628
0.0032219886779785156
5826
0.003278970718383789
7010
0.003503084182739258
8208
0.0036089420318603516
9327
0.0037119388580322266
10534
0.003812074661254883
11685
0.003933906555175781
12883
0.004141092300415039
14091
0.0042688846588134766
15289
0.004372119903564453
16487
0.004472970962524414
17605
0.0045659542083740234
18803
0.006058931350708008
20011
0.008500099182128906
0
1153
0.002538919448852539
2337
0.002783060073852539
3420
0.0029070377349853516
4627
0.0031168460845947266
5825
0.0032110214233398438
7033
0.0033719539642333984
8231
0.003445863723754883
9415
0.0036139488220214844
10534
0.003699064254760742
11732
0.003782033920288086
12930
0.003924846649169922
14081
0.004019021987915039
15279
0.004224061965942383
16487
0.004420042037963867
17685
0.004515886306762695
18803
0.004580020904541016
20011
0.008749008178710938
0
1153
0.0025680065155029297
2236
0.0027570724487304688
3420
0.0030808448791503906
4628
0.0031938552856445312
5826
0.0032770633697509766
7024
0.0033729076385498047
8208
0.0035600662231445312
9327
0.0036749839782714844
10534
0.003860950469970703
11742
0.004004001617431641
12940
0.004132986068725586
14138
0.0042209625244140625
15289
0.0043239593505859375
16487
0.0044710636138916016
17685
0.0045430660247802734
18803
0.004678964614868164
20011
0.008858919143676758
0
1153
0.0027039051055908203
2236
0.002850055694580078
3387
0.0031118392944335938
4571
0.003206968307495117
5769
0.003298044204711914
6953
0.003454923629760742
8161
0.00362396240234375
9359
0.0037069320678710938
10566
0.003915071487426758
11685
0.0039958953857421875
12803
0.0040988922119140625
14001
0.004247903823852539
15209
0.00441288948059082
16407
0.00455784797668457
17605
0.004673957824707031
18803
0.004750967025756836
20011
0.008771896362304688
0
1153
0.0025870800018310547
2337
0.0028281211853027344
3545
0.00308990478515625
4743
0.0031900405883789062
5927
0.0032699108123779297
7125
0.0034461021423339844
8332
0.0035810470581054688
9530
0.003740072250366211
10649
0.0038208961486816406
11847
0.003962993621826172
13045
0.004168987274169922
14128
0.004300117492675781
15279
0.0044100284576416016
16397
0.004549980163574219
17605
0.00466609001159668
18803
0.004733085632324219
20011
0.008764982223510742
0
1153
0.002805948257446289
2351
0.0031440258026123047
3434
0.003259897232055664
4641
0.0033559799194335938
5849
0.0034410953521728516
7000
0.0036530494689941406
8198
0.003793001174926758
9382
0.003977060317993164
10580
0.004086017608642578
11699
0.004174947738647461
12883
0.004266023635864258
14081
0.004586935043334961
15289
0.004703998565673828
16487
0.004770040512084961
17605
0.004836082458496094
18803
0.004962921142578125
20011
0.00863504409790039
0
1153
0.0025720596313476562
2236
0.0029370784759521484
3420
0.0030219554901123047
4627
0.0032389163970947266
5835
0.0033369064331054688
6986
0.003448009490966797
8170
0.0035948753356933594
9368
0.0037140846252441406
10487
0.0038480758666992188
11695
0.0039310455322265625
12893
0.0040760040283203125
14091
0.004173994064331055
15289
0.0043909549713134766
16407
0.004549980163574219
17605
0.0046498775482177734
18803
0.004715919494628906
20011
0.008461952209472656
0
1153
0.0026040077209472656
2236
0.002838134765625
3420
0.0031890869140625
4627
0.0033020973205566406
5835
0.0033681392669677734
7033
0.0034971237182617188
8217
0.003693103790283203
9368
0.0037889480590820312
10487
0.003876924514770508
11685
0.004045963287353516
12883
0.0041539669036865234
14081
0.00432896614074707
15279
0.00448298454284668
16397
0.0046389102935791016
17595
0.004709005355834961
18803
0.004784107208251953
20011
0.008568048477172852
0
1153
0.0026428699493408203
2236
0.0028629302978515625
3420
0.0031418800354003906
4571
0.0032529830932617188
5779
0.0033659934997558594
6986
0.0035219192504882812
8194
0.0036139488220214844
9392
0.0037488937377929688
10576
0.003922939300537109
11774
0.00403594970703125
12893
0.00413203239440918
14091
0.004357814788818359
15209
0.004467964172363281
16407
0.004534006118774414
17605
0.004629850387573242
18803
0.005590915679931641
20011
0.008456945419311523
0
1153
0.0026772022247314453
2351
0.003077983856201172
3434
0.0031850337982177734
4585
0.003267049789428711
5793
0.003364086151123047
6991
0.003445148468017578
8198
0.0037131309509277344
9396
0.003793001174926758
10594
0.003857135772705078
11802
0.00410914421081543
12921
0.004264116287231445
14105
0.0043451786041259766
15223
0.0045430660247802734
16421
0.004636049270629883
17619
0.004698038101196289
18803
0.0047609806060791016
20011
0.009628057479858398
0
1153
0.0026009082794189453
2351
0.003098011016845703
3558
0.0032100677490234375
4641
0.0032889842987060547
5792
0.0033860206604003906
6976
0.0034520626068115234
8160
0.003648042678833008
9358
0.0037620067596435547
10566
0.003923892974853516
11764
0.004004955291748047
12972
0.004133939743041992
14170
0.0042951107025146484
15368
0.004396915435791016
16486
0.004540920257568359
17684
0.004642963409423828
18803
0.004709005355834961
20011
0.008544921875
0
1153
0.0025610923767089844
2337
0.002897024154663086
3535
0.0030231475830078125
4686
0.00316619873046875
5884
0.0032701492309570312
7091
0.003431081771850586
8299
0.003545999526977539
9483
0.003690004348754883
10681
0.0038101673126220703
11800
0.0039691925048828125
13008
0.0041201114654541016
14206
0.004377126693725586
15404
0.0044460296630859375
16522
0.004518985748291016
17720
0.0046541690826416016
18803
0.005294084548950195
20011
0.00853419303894043
0
1153
0.0025780200958251953
2236
0.002771139144897461
3420
0.002941131591796875
4604
0.0031430721282958984
5812
0.003222942352294922
7010
0.0033309459686279297
8208
0.0034940242767333984
9359
0.003587007522583008
10566
0.003715991973876953
11774
0.003921031951904297
12972
0.004022121429443359
14091
0.004082918167114258
15289
0.0042989253997802734
16407
0.004364013671875
17605
0.004445075988769531
18813
0.008439064025878906
20011
0.008651971817016602
0
1153
0.002569913864135742
2351
0.0029120445251464844
3434
0.002991914749145508
4585
0.003225088119506836
5769
0.003304004669189453
6976
0.003412008285522461
8184
0.003467082977294922
9382
0.0037050247192382812
10566
0.003787994384765625
11764
0.0039010047912597656
12972
0.0040891170501708984
14091
0.0043048858642578125
15289
0.004417896270751953
16407
0.0045239925384521484
17605
0.004614114761352539
18803
0.0046770572662353516
20011
0.008584976196289062
0
1153
0.002629995346069336
2236
0.0028028488159179688
3434
0.003064870834350586
4641
0.0031328201293945312
5825
0.003306865692138672
7023
0.003368854522705078
8221
0.003496885299682617
9372
0.0036268234252929688
10580
0.003774881362915039
11764
0.003860950469970703
12962
0.004053831100463867
14081
0.00418400764465332
15289
0.004280805587768555
16487
0.004459857940673828
17685
0.004575014114379883
18803
0.004640817642211914
20011
0.008488893508911133
0
1153
0.0025949478149414062
2236
0.0027680397033691406
3420
0.00286102294921875
4618
0.0034339427947998047
5825
0.0035390853881835938
7033
0.0036330223083496094
8217
0.0037539005279541016
9415
0.0038878917694091797
10613
0.003969907760620117
11764
0.004178047180175781
12962
0.004324913024902344
14081
0.0044291019439697266
15289
0.0044939517974853516
16487
0.004628896713256836
17685
0.004695892333984375
18803
0.004761934280395508
20011
0.008542060852050781
0
1153
0.00257110595703125
2236
0.002805948257446289
3420
0.003008127212524414
4627
0.003111124038696289
5825
0.0032820701599121094
7023
0.003370046615600586
8207
0.003553152084350586
9415
0.0037450790405273438
10566
0.003824949264526367
11764
0.003924131393432617
12972
0.00412297248840332
14170
0.004209041595458984
15289
0.0043370723724365234
16407
0.004511117935180664
17605
0.004578113555908203
18803
0.004659175872802734
20011
0.008574962615966797
0
1153
0.0025429725646972656
2337
0.002769947052001953
3488
0.003070831298828125
4696
0.003167867660522461
5894
0.003268003463745117
7078
0.003415822982788086
8276
0.0035369396209716797
9484
0.0036199092864990234
10603
0.0037689208984375
11810
0.0038788318634033203
13008
0.004060029983520508
14206
0.004199028015136719
15404
0.004272937774658203
16602
0.004385948181152344
17685
0.004520893096923828
18803
0.0046160221099853516
20011
0.008658885955810547
0
1153
0.0025510787963867188
2236
0.002814054489135742
3420
0.0030601024627685547
4604
0.0031681060791015625
5802
0.0032591819763183594
7000
0.0033571720123291016
8207
0.003564119338989258
9358
0.003687143325805664
10566
0.0037832260131835938
11764
0.0039560794830322266
12962
0.004118204116821289
14081
0.0042400360107421875
15279
0.004424095153808594
16397
0.00452113151550293
17605
0.004588127136230469
18803
0.0046770572662353516
20011
0.008598089218139648
0
1153
0.0025959014892578125
2236
0.0028090476989746094
3420
0.0030739307403564453
4618
0.003170013427734375
5816
0.003248929977416992
7023
0.0033190250396728516
8231
0.003573894500732422
9415
0.0037178993225097656
10566
0.003804922103881836
11764
0.003973960876464844
12883
0.004106044769287109
14081
0.004194974899291992
15279
0.004366874694824219
16397
0.004506826400756836
17605
0.0045719146728515625
18803
0.004667043685913086
20011
0.008610963821411133
0
1153
0.0026230812072753906
2236
0.0027620792388916016
3420
0.002935171127319336
4618
0.003069162368774414
5826
0.003244161605834961
7010
0.00339508056640625
8217
0.003572225570678711
9415
0.0037012100219726562
10566
0.0037992000579833984
11764
0.003968000411987305
12883
0.004128217697143555
14091
0.004203081130981445
15209
0.0043392181396484375
16407
0.004431009292602539
17605
0.0045239925384521484
18803
0.004640102386474609
20011
0.008630037307739258
0
1153
0.0026061534881591797
2351
0.002753019332885742
3434
0.0030450820922851562
4618
0.003158092498779297
5826
0.003231048583984375
7024
0.0033309459686279297
8175
0.003522157669067383
9359
0.0036301612854003906
10478
0.0037860870361328125
11676
0.003873109817504883
12883
0.004012107849121094
14091
0.004172086715698242
15289
0.004282951354980469
16487
0.004420042037963867
17685
0.004527091979980469
18803
0.0045931339263916016
20011
0.008537054061889648
0
1153
0.0025739669799804688
2351
0.002888917922973633
3434
0.0031049251556396484
4618
0.0032129287719726562
5769
0.003267049789428711
6967
0.0034248828887939453
8175
0.0035250186920166016
9359
0.0036559104919433594
10567
0.0038030147552490234
11774
0.003942012786865234
12972
0.0040819644927978516
14091
0.004235982894897461
15289
0.004392862319946289
16487
0.004514932632446289
17605
0.004579067230224609
18803
0.004669904708862305
20011
0.008554935455322266
0
1153
0.002557992935180664
2236
0.002769947052001953
3444
0.002969026565551758
4628
0.0031728744506835938
5826
0.0032279491424560547
7024
0.0033538341522216797
8231
0.0035169124603271484
9429
0.0036399364471435547
10548
0.0037260055541992188
11732
0.003871917724609375
12883
0.004016876220703125
14081
0.004171848297119141
15279
0.004327058792114258
16397
0.004467010498046875
17595
0.004538059234619141
18803
0.00463104248046875
20011
0.008633852005004883
0
1153
0.002537965774536133
2236
0.0027899742126464844
3434
0.0031859874725341797
4618
0.003300905227661133
5826
0.0033540725708007812
7024
0.0034580230712890625
8231
0.0036640167236328125
9350
0.0037660598754882812
10534
0.003942966461181641
11732
0.004045009613037109
12940
0.0042340755462646484
14138
0.004338979721069336
15336
0.004437923431396484
16534
0.004600048065185547
17685
0.00466609001159668
18803
0.004729032516479492
20011
0.008792877197265625
0
1153
0.0025691986083984375
2236
0.0027620792388916016
3420
0.003030061721801758
4627
0.003130197525024414
5835
0.003208160400390625
7033
0.0033130645751953125
8231
0.0035140514373779297
9415
0.0037050247192382812
10566
0.003802061080932617
11764
0.003942012786865234
12883
0.004096031188964844
14081
0.00418400764465332
15289
0.0043790340423583984
16407
0.004481077194213867
17605
0.00454401969909668
18803
0.0046291351318359375
20011
0.008498191833496094
0
1153
0.002588033676147461
2236
0.0028650760650634766
3420
0.003134012222290039
4628
0.003226041793823242
5812
0.003329038619995117
7010
0.003428936004638672
8217
0.003640890121459961
9415
0.003770112991333008
10534
0.0038580894470214844
11732
0.003969907760620117
12930
0.004116058349609375
14128
0.004213094711303711
15326
0.004437923431396484
16477
0.0045359134674072266
17685
0.00460505485534668
18803
0.00469207763671875
20011
0.008713006973266602
0
1084
0.002772092819213867
2282
0.002911090850830078
3401
0.003178119659423828
4519
0.0032460689544677734
5726
0.003303050994873047
6934
0.003365039825439453
8132
0.0036160945892333984
9284
0.003699064254760742
10435
0.003779172897338867
11633
0.004094123840332031
12831
0.004266977310180664
14039
0.004467010498046875
15237
0.0045320987701416016
16421
0.004662036895751953
17619
0.0047261714935302734
18803
0.004899024963378906
20011
0.008445024490356445
0
1153
0.002619028091430664
2236
0.002735137939453125
3434
0.0029180049896240234
4642
0.0031130313873291016
5840
0.0032279491424560547
7047
0.0034170150756835938
8198
0.0035409927368164062
9317
0.003667116165161133
10501
0.003735065460205078
11709
0.003942966461181641
12893
0.0040819644927978516
14091
0.0041790008544921875
15289
0.004336118698120117
16487
0.00446009635925293
17605
0.004523038864135742
18803
0.004613161087036133
20011
0.00852513313293457
0
1153
0.002538919448852539
2236
0.0027379989624023438
3420
0.002849102020263672
4618
0.0031070709228515625
5826
0.0031850337982177734
7034
0.0032999515533447266
8153
0.0035300254821777344
9360
0.0036339759826660156
10544
0.003824949264526367
11742
0.003919124603271484
12940
0.00412297248840332
14138
0.004236936569213867
15336
0.004302024841308594
16487
0.0044291019439697266
17605
0.004497051239013672
18803
0.004892110824584961
20011
0.008634090423583984
0
1153
0.0025801658630371094
2351
0.002894163131713867
3434
0.0029811859130859375
4618
0.0031900405883789062
5769
0.003267049789428711
6977
0.0033931732177734375
8175
0.003589153289794922
9373
0.003717184066772461
10580
0.0038411617279052734
11788
0.00399017333984375
12972
0.004091024398803711
14091
0.004228115081787109
15289
0.0044171810150146484
16407
0.004492998123168945
17605
0.0045850276947021484
18803
0.004670143127441406
20011
0.008568048477172852
0
1153
0.0025510787963867188
2236
0.002727031707763672
3434
0.003133058547973633
4618
0.0032501220703125
5825
0.0033130645751953125
7023
0.0034151077270507812
8231
0.0035941600799560547
9439
0.003737211227416992
10623
0.003826141357421875
11821
0.004003047943115234
12972
0.004126071929931641
14091
0.004252195358276367
15289
0.004454135894775391
16407
0.004548072814941406
17605
0.0046160221099853516
18803
0.004683017730712891
20011
0.008483171463012695
0
1153
0.002611875534057617
2351
0.0028209686279296875
3434
0.003145933151245117
4585
0.0032417774200439453
5769
0.0033338069915771484
6967
0.0034477710723876953
8165
0.003629922866821289
9372
0.003766775131225586
10580
0.0038499832153320312
11788
0.004036903381347656
12972
0.004174947738647461
14091
0.004271984100341797
15289
0.004452943801879883
16407
0.004551887512207031
17605
0.004617929458618164
18803
0.004706859588623047
20011
0.008452892303466797
0
1153
0.0027170181274414062
2236
0.002950906753540039
3387
0.0030319690704345703
4571
0.003156900405883789
5769
0.003225088119506836
6977
0.003412961959838867
8175
0.0035479068756103516
9382
0.0036690235137939453
10580
0.0038270950317382812
11778
0.003904104232788086
12986
0.0040569305419921875
14184
0.0041539669036865234
15303
0.004316091537475586
16421
0.004408121109008789
17619
0.004491090774536133
18827
0.008554935455322266
20011
0.22290396690368652
0
1153
0.0025658607482910156
2236
0.0029540061950683594
3420
0.0030438899993896484
4618
0.003161907196044922
5769
0.003284931182861328
6976
0.003407001495361328
8184
0.0035429000854492188
9382
0.003721952438354492
10580
0.003804922103881836
11699
0.0039768218994140625
12897
0.004124879837036133
14105
0.004232883453369141
15303
0.004357814788818359
16421
0.0044519901275634766
17619
0.004540920257568359
18827
0.008450031280517578
20011
0.2101898193359375
0
1153
0.002593994140625
2236
0.002905130386352539
3420
0.002978086471557617
4618
0.0031151771545410156
5769
0.0032889842987060547
6976
0.003378152847290039
8174
0.0035240650177001953
9382
0.0036461353302001953
10590
0.0037860870361328125
11788
0.003926992416381836
12986
0.004090070724487305
14105
0.004281044006347656
15223
0.0043489933013916016
16421
0.0044400691986083984
17619
0.00452113151550293
18827
0.008383989334106445
20011
0.22214698791503906
0
1153
0.0026140213012695312
2337
0.0028200149536132812
3420
0.002891063690185547
4618
0.0029811859130859375
5825
0.003323078155517578
7033
0.0034110546112060547
8231
0.0035371780395507812
9415
0.00372314453125
10566
0.0038280487060546875
11764
0.003911018371582031
12883
0.0041391849517822266
14081
0.004228115081787109
15289
0.004329204559326172
16487
0.004502058029174805
17685
0.004567146301269531
18803
0.0046291351318359375
20011
0.008625030517578125
0
1153
0.0025560855865478516
2236
0.002730131149291992
3420
0.0029840469360351562
4627
0.003092050552368164
5825
0.0031561851501464844
7033
0.003340005874633789
8231
0.003515005111694336
9429
0.0036242008209228516
10627
0.003773212432861328
11811
0.003893136978149414
12962
0.004029989242553711
14081
0.004113197326660156
15289
0.004294157028198242
16487
0.004456043243408203
17605
0.004554033279418945
18803
0.004620075225830078
20011
0.008500099182128906
0
1153
0.0027608871459960938
2351
0.003039836883544922
3434
0.003142833709716797
4585
0.003203868865966797
5769
0.003326892852783203
6976
0.003398895263671875
8184
0.0036749839782714844
9368
0.0037949085235595703
10566
0.003937959671020508
11764
0.0041408538818359375
12962
0.0042459964752197266
14080
0.0043888092041015625
15278
0.00454401969909668
16486
0.004611015319824219
17684
0.004704952239990234
18803
0.0047719478607177734
20011
0.008497953414916992
0
1153
0.0025360584259033203
2236
0.0027921199798583984
3420
0.002928018569946289
4618
0.003139972686767578
5816
0.003216981887817383
7023
0.003365039825439453
8221
0.0034830570220947266
9429
0.0035920143127441406
10580
0.003741025924682617
11764
0.0038480758666992188
12972
0.0040471553802490234
14091
0.00410914421081543
15289
0.004274129867553711
16487
0.004467010498046875
17605
0.004533052444458008
18803
0.004599094390869141
20011
0.008099079132080078
0
1153
0.0025420188903808594
2236
0.0029921531677246094
3420
0.0030961036682128906
4618
0.0031859874725341797
5816
0.003244161605834961
7023
0.0034589767456054688
8221
0.0035619735717773438
9429
0.003667116165161133
10580
0.0038671493530273438
11764
0.003951072692871094
12883
0.004065036773681641
14081
0.004248142242431641
15289
0.0043370723724365234
16407
0.004527091979980469
17605
0.004594087600708008
18803
0.004680156707763672
20011
0.008566141128540039
0
1153
0.002561807632446289
2236
0.002750873565673828
3420
0.0030319690704345703
4618
0.0031478404998779297
5816
0.0032248497009277344
7023
0.0034248828887939453
8221
0.0035429000854492188
9429
0.0036668777465820312
10613
0.0038678646087646484
11764
0.003950834274291992
12883
0.004059791564941406
14091
0.004213809967041016
15289
0.004376888275146484
16407
0.004501819610595703
17605
0.004565000534057617
18803
0.004656791687011719
20011
0.008656978607177734
0
1153
0.0026209354400634766
2337
0.0029299259185791016
3535
0.003000974655151367
4618
0.0032329559326171875
5816
0.0033249855041503906
6967
0.0034148693084716797
8174
0.003615856170654297
9382
0.003718852996826172
10590
0.0037779808044433594
11709
0.003987789154052734
12893
0.0041217803955078125
14091
0.004216909408569336
15289
0.00438380241394043
16487
0.004520893096923828
17605
0.004587888717651367
18803
0.004685878753662109
20011
0.008353948593139648
0
1153
0.002605915069580078
2236
0.0027971267700195312
3420
0.0029900074005126953
4618
0.0030901432037353516
5825
0.0033020973205566406
7023
0.003412961959838867
8221
0.0035200119018554688
9405
0.003720998764038086
10613
0.0038559436798095703
11811
0.003984928131103516
12962
0.004101991653442383
14170
0.004285097122192383
15289
0.0044040679931640625
16487
0.0045359134674072266
17605
0.0046100616455078125
18803
0.004678964614868164
20011
0.008461952209472656
0
1153
0.0026459693908691406
2337
0.0027959346771240234
3420
0.0032949447631835938
4627
0.0034019947052001953
5835
0.0035200119018554688
7033
0.003635883331298828
8184
0.003799915313720703
9382
0.0039060115814208984
10566
0.003997802734375
11764
0.004209995269775391
12962
0.004289865493774414
14081
0.004374027252197266
15289
0.004565000534057617
16407
0.0046308040618896484
17605
0.004694938659667969
18803
0.0047910213470458984
20011
0.008446931838989258
0
1153
0.0026268959045410156
2236
0.0028290748596191406
3420
0.003064870834350586
4628
0.003192901611328125
5826
0.003301858901977539
7024
0.0033910274505615234
8208
0.0036458969116210938
9327
0.0037839412689208984
10534
0.003937959671020508
11685
0.004023075103759766
12883
0.004236936569213867
14091
0.004327058792114258
15289
0.004431962966918945
16487
0.004545927047729492
17685
0.004654884338378906
18803
0.004724979400634766
20011
0.008394956588745117
0
1153
0.0025441646575927734
2236
0.0027420520782470703
3434
0.0030670166015625
4641
0.0031690597534179688
5839
0.00335693359375
7047
0.0034439563751220703
8231
0.003576040267944336
9415
0.0037081241607666016
10613
0.003899097442626953
11811
0.003984928131103516
12962
0.004125118255615234
14081
0.0042150020599365234
15279
0.004435062408447266
16397
0.004531145095825195
17595
0.004598140716552734
18803
0.004687070846557617
20011
0.008689165115356445
0
1153
0.0026509761810302734
2351
0.0028917789459228516
3559
0.0031118392944335938
4743
0.0032198429107666016
5941
0.003319978713989258
7148
0.0034868717193603516
8299
0.0036377906799316406
9418
0.003793954849243164
10626
0.0038788318634033203
11810
0.00400996208190918
13008
0.00421595573425293
14206
0.0043048858642578125
15289
0.00439000129699707
16487
0.0045778751373291016
17605
0.004645824432373047
18803
0.004709959030151367
20011
0.008517980575561523
0
1153
0.0025911331176757812
2236
0.0027980804443359375
3420
0.0030059814453125
4618
0.003098011016845703
5825
0.003289937973022461
7033
0.003378152847290039
8241
0.003545045852661133
9425
0.0036749839782714844
10544
0.003757953643798828
11742
0.003906965255737305
12893
0.004034996032714844
14091
0.004194974899291992
15289
0.00428009033203125
16487
0.004441976547241211
17685
0.0045621395111083984
18803
0.0046460628509521484
20011
0.008605003356933594
0
1153
0.0025870800018310547
2236
0.0029549598693847656
3420
0.0030629634857177734
4618
0.0031621456146240234
5769
0.003297090530395508
6967
0.0034389495849609375
8174
0.0035660266876220703
9382
0.003740072250366211
10566
0.003838062286376953
11764
0.004006147384643555
12962
0.004137992858886719
14081
0.004227161407470703
15279
0.004405021667480469
16397
0.0045299530029296875
17605
0.00459599494934082
18803
0.00468897819519043
20011
0.008479118347167969
0
1153
0.002586841583251953
2236
0.002722024917602539
3420
0.0030519962310791016
4618
0.0031430721282958984
5825
0.003222942352294922
7033
0.003406047821044922
8231
0.00350189208984375
9382
0.003679037094116211
10566
0.0037398338317871094
11685
0.003922939300537109
12883
0.004042863845825195
14081
0.00412297248840332
15279
0.004312038421630859
16487
0.004441022872924805
17605
0.004538059234619141
18803
0.004602909088134766
20011
0.008625984191894531
0
1153
0.0027751922607421875
2337
0.0031180381774902344
3420
0.003225088119506836
4571
0.003316164016723633
5769
0.003412008285522461
6976
0.0036230087280273438
8184
0.0037310123443603516
9392
0.0038690567016601562
10576
0.0040280818939208984
11774
0.004117012023925781
12972
0.004260063171386719
14170
0.004464149475097656
15368
0.004538059234619141
16487
0.0046350955963134766
17605
0.004701137542724609
18803
0.004790067672729492
20011
0.008603096008300781
0
1153
0.0026688575744628906
2236
0.0027849674224853516
3420
0.0031249523162841797
4627
0.0032269954681396484
5825
0.0033059120178222656
7023
0.003365039825439453
8231
0.003587007522583008
9429
0.0037119388580322266
10613
0.0037949085235595703
11811
0.003952980041503906
12930
0.004072904586791992
14138
0.0042438507080078125
15336
0.0043299198150634766
16487
0.004466056823730469
17605
0.004580974578857422
18803
0.004648923873901367
20011
0.008641958236694336
0
1153
0.002537965774536133
2337
0.002817869186401367
3544
0.003270864486694336
4752
0.003359079360961914
5936
0.0034360885620117188
7134
0.003565073013305664
8217
0.0037920475006103516
9368
0.003912925720214844
10487
0.003972053527832031
11695
0.0040509700775146484
12893
0.004247903823852539
14091
0.004363059997558594
15289
0.004425048828125
16487
0.004551887512207031
17605
0.0046160221099853516
18803
0.005341053009033203
20011
0.00857686996459961
0
1153
0.0025701522827148438
2236
0.0027952194213867188
3387
0.0029511451721191406
4571
0.0030181407928466797
5778
0.0032880306243896484
6986
0.0033740997314453125
8170
0.003648042678833008
9368
0.0037631988525390625
10566
0.0038661956787109375
11764
0.0040590763092041016
12962
0.0041751861572265625
14081
0.004287004470825195
15289
0.004467010498046875
16407
0.004559040069580078
17605
0.004636049270629883
18803
0.004723072052001953
20011
0.008703231811523438
0
1153
0.002524852752685547
2236
0.0027298927307128906
3420
0.0028350353240966797
4627
0.0031518936157226562
5835
0.0032379627227783203
7043
0.0033559799194335938
8194
0.003529071807861328
9378
0.0036640167236328125
10497
0.0037889480590820312
11695
0.003991842269897461
12813
0.004111051559448242
14011
0.004173994064331055
15209
0.0042378902435302734
16407
0.004356861114501953
17605
0.004575014114379883
18803
0.004724979400634766
20011
0.00857996940612793
0
1153
0.0026750564575195312
2337
0.0029108524322509766
3488
0.0029790401458740234
4686
0.003159046173095703
5870
0.0034530162811279297
7068
0.0035948753356933594
8275
0.0037920475006103516
9394
0.003883838653564453
10512
0.0039730072021484375
11720
0.004197835922241211
12928
0.004261970520019531
14126
0.004353046417236328
15324
0.004484891891479492
16522
0.0046558380126953125
17605
0.004725933074951172
18803
0.004820823669433594
20011
0.008641958236694336
0
1153
0.0025560855865478516
2337
0.0030639171600341797
3535
0.0031690597534179688
4733
0.003267049789428711
5884
0.0034499168395996094
7003
0.0035359859466552734
8211
0.0036690235137939453
9409
0.0038831233978271484
10607
0.003972053527832031
11814
0.004087924957275391
13012
0.004261016845703125
14130
0.004342079162597656
15328
0.004458904266357422
16512
0.0045549869537353516
17595
0.004631996154785156
18803
0.006346940994262695
20011
0.00841212272644043
0
1153
0.0025560855865478516
2337
0.002749919891357422
3521
0.003376007080078125
4672
0.0034699440002441406
5880
0.0035920143127441406
7078
0.003698110580444336
8276
0.0038309097290039062
9474
0.0039598941802978516
10672
0.004044055938720703
11870
0.00413203239440918
12989
0.004189968109130859
14107
0.004251956939697266
15190
0.0043790340423583984
16388
0.005074024200439453
17596
0.005265951156616211
18803
0.005424976348876953
20011
0.008475065231323242
