0
1608
0.0038318634033203125
3215
0.004030942916870117
4822
0.0041429996490478516
6247
0.004374027252197266
7672
0.004498004913330078
9279
0.004739046096801758
10704
0.004848957061767578
12931
0.005053043365478516
14538
0.0051898956298828125
15963
0.0053348541259765625
17388
0.005844831466674805
19615
0.006093025207519531
21040
0.0061948299407958984
23267
0.006508827209472656
25494
0.006685972213745117
27721
0.006773948669433594
29328
0.011282920837402344
29327
0.011449813842773438
0
1426
0.0033349990844726562
2851
0.0035300254821777344
4276
0.0036611557006835938
6503
0.0037832260131835938
7928
0.004020214080810547
10155
0.0042362213134765625
11580
0.004369020462036133
13187
0.004538059234619141
14794
0.00460505485534668
16219
0.00487208366394043
18446
0.005062103271484375
20053
0.005244016647338867
22280
0.005671024322509766
23887
0.005808115005493164
25494
0.005957126617431641
27721
0.006167173385620117
29328
0.012044191360473633
29327
0.012178182601928711
0
1426
0.003445148468017578
2851
0.003554105758666992
5078
0.00368499755859375
6503
0.0039141178131103516
7928
0.004037141799926758
9353
0.004187107086181641
11580
0.004332065582275391
13187
0.0045299530029296875
14794
0.004676103591918945
16401
0.004812002182006836
18628
0.005281925201416016
20235
0.005383968353271484
21660
0.005613088607788086
23267
0.0057830810546875
25494
0.005934953689575195
27721
0.006209135055541992
29328
0.01111602783203125
29327
0.011254072189331055
0
1426
0.0031430721282958984
2851
0.0034661293029785156
4276
0.0036160945892333984
6503
0.0037250518798828125
7928
0.003962993621826172
9353
0.004054069519042969
10960
0.0042269229888916016
13187
0.004485130310058594
14794
0.004625082015991211
16219
0.004873991012573242
18446
0.00503993034362793
20053
0.0053119659423828125
21660
0.005558967590332031
23267
0.005727052688598633
25494
0.005877971649169922
27721
0.006104946136474609
29328
0.01096200942993164
29327
0.011102914810180664
0
1426
0.003164052963256836
2851
0.0034170150756835938
4276
0.0035219192504882812
6503
0.003641843795776367
7928
0.003921031951904297
9535
0.004036903381347656
11762
0.004106998443603516
13187
0.004379987716674805
14794
0.0045130252838134766
16401
0.004708051681518555
18628
0.005071878433227539
20235
0.00521397590637207
21660
0.005465030670166016
23887
0.0056459903717041016
25494
0.0057599544525146484
27721
0.0060460567474365234
29328
0.010699033737182617
29327
0.010844945907592773
0
1426
0.003373861312866211
2851
0.003509998321533203
4276
0.0037348270416259766
6503
0.0038368701934814453
7928
0.004164934158325195
10155
0.00427699089050293
11580
0.004417896270751953
13187
0.00483393669128418
15414
0.004952907562255859
17021
0.005049943923950195
18628
0.0052869319915771484
20235
0.005446910858154297
21660
0.005700826644897461
23887
0.005819797515869141
26114
0.005995988845825195
27721
0.010768890380859375
29328
0.01897287368774414
29327
0.0191190242767334
0
1426
0.003384113311767578
2851
0.003525972366333008
4276
0.003643035888671875
6503
0.0038700103759765625
7928
0.003976106643676758
9353
0.004110097885131836
11580
0.00446009635925293
13187
0.00463104248046875
14794
0.00490117073059082
17021
0.005007028579711914
18628
0.005228996276855469
20053
0.005376100540161133
22280
0.0057010650634765625
23887
0.00586700439453125
26114
0.006016969680786133
27721
0.011330127716064453
29328
0.21942901611328125
29327
0.2196190357208252
0
1426
0.0034759044647216797
2851
0.003604888916015625
4276
0.0037360191345214844
5701
0.0039348602294921875
7928
0.004066944122314453
9535
0.004171848297119141
11142
0.0044629573822021484
13369
0.004665851593017578
14794
0.004807949066162109
16401
0.004930019378662109
18628
0.005218029022216797
20053
0.005364894866943359
21660
0.0055658817291259766
23267
0.005730867385864258
25494
0.005877017974853516
27721
0.0061609745025634766
29328
0.01111602783203125
29327
0.011255025863647461
0
1426
0.0033872127532958984
2851
0.0035500526428222656
4276
0.0036520957946777344
5701
0.003881216049194336
7928
0.0040130615234375
9535
0.0041010379791259766
11762
0.0045130252838134766
13369
0.004725217819213867
14976
0.004848003387451172
16401
0.004990100860595703
18008
0.005293130874633789
20235
0.005454063415527344
21842
0.0056002140045166016
23267
0.005706071853637695
25494
0.0058841705322265625
27721
0.006173133850097656
29328
0.011510133743286133
29327
0.011645078659057617
0
1426
0.0033957958221435547
2851
0.0036458969116210938
5078
0.0037767887115478516
6503
0.004086971282958984
7928
0.004252910614013672
10155
0.004396915435791016
11762
0.004517793655395508
13369
0.004684925079345703
14794
0.0048449039459228516
17021
0.0050067901611328125
18628
0.0051958560943603516
20053
0.005384922027587891
21660
0.005586862564086914
23267
0.005730867385864258
25494
0.005949974060058594
27721
0.0062558650970458984
29328
0.012048959732055664
29327
0.012181997299194336
0
1426
0.003358125686645508
2851
0.0034711360931396484
4276
0.0035860538482666016
6503
0.0038161277770996094
8110
0.003920078277587891
9535
0.004052162170410156
10960
0.004323005676269531
13187
0.004467010498046875
14794
0.004644155502319336
16401
0.004812955856323242
18628
0.005038022994995117
20235
0.005212068557739258
21842
0.005424976348876953
23267
0.005591154098510742
25494
0.005807161331176758
27721
0.006091117858886719
29328
0.010898113250732422
29327
0.011038064956665039
0
1426
0.0033028125762939453
2851
0.0034949779510498047
4458
0.003731966018676758
6685
0.0038759708404541016
8110
0.004045963287353516
9535
0.004319906234741211
11142
0.004513978958129883
13369
0.004701852798461914
15596
0.004848957061767578
17203
0.004985809326171875
19430
0.00536799430847168
20855
0.005448818206787109
22462
0.005644798278808594
24689
0.0059587955474853516
26114
0.00609588623046875
27721
0.006220817565917969
29328
0.011041879653930664
29327
0.011178970336914062
0
1426
0.0034139156341552734
2851
0.0035469532012939453
4276
0.003640890121459961
6503
0.003834962844848633
7928
0.003964900970458984
9535
0.0040988922119140625
11762
0.004388093948364258
13369
0.00459599494934082
15596
0.004733085632324219
17203
0.004864931106567383
18810
0.00516510009765625
20417
0.0052890777587890625
21842
0.005496025085449219
23267
0.005677938461303711
25494
0.0058438777923583984
27721
0.0061359405517578125
29328
0.011002063751220703
29327
0.011137962341308594
0
1426
0.0033049583435058594
2851
0.0034399032592773438
4276
0.0035729408264160156
5883
0.0038330554962158203
7490
0.003962039947509766
8915
0.004369974136352539
11142
0.004458904266357422
13369
0.004597902297973633
14976
0.004788875579833984
16583
0.004908084869384766
18190
0.005146980285644531
19615
0.005263090133666992
21040
0.005439043045043945
23267
0.005609989166259766
25494
0.00577092170715332
27721
0.0065500736236572266
29328
0.01093292236328125
29327
0.011072874069213867
0
1426
0.0031638145446777344
2851
0.00344085693359375
5078
0.0035839080810546875
6503
0.0036859512329101562
7928
0.00391697883605957
10155
0.004369974136352539
12382
0.004490852355957031
13989
0.004647016525268555
15596
0.004751920700073242
17203
0.0049610137939453125
18628
0.005120992660522461
20235
0.005290031433105469
21842
0.005424976348876953
23267
0.005591869354248047
25494
0.005749940872192383
27721
0.0060269832611083984
29328
0.010921001434326172
29327
0.011056900024414062
0
1426
0.0030450820922851562
2851
0.003274202346801758
4276
0.0034110546112060547
5701
0.0036330223083496094
7928
0.0037450790405273438
10155
0.004068136215209961
11762
0.004209041595458984
13989
0.00440216064453125
15414
0.004527091979980469
17021
0.004656076431274414
18628
0.004995107650756836
20053
0.005120992660522461
21660
0.005378007888793945
23267
0.00551915168762207
25494
0.0057489871978759766
27721
0.005999088287353516
29328
0.01103520393371582
29327
0.01116800308227539
0
1426
0.0030710697174072266
2851
0.0032999515533447266
4276
0.003545045852661133
5701
0.0036420822143554688
7928
0.0037620067596435547
9535
0.003920078277587891
11762
0.00438690185546875
13187
0.004533052444458008
14794
0.004662036895751953
16401
0.00475311279296875
18628
0.005115032196044922
20235
0.005224943161010742
21660
0.005398988723754883
23267
0.0055201053619384766
25494
0.005944013595581055
27721
0.0060749053955078125
29328
0.011188030242919922
29327
0.011322975158691406
0
1426
0.003041982650756836
2851
0.0032720565795898438
4276
0.003422975540161133
6503
0.003690958023071289
8730
0.0038499832153320312
10337
0.004002094268798828
11762
0.004277944564819336
13989
0.004415035247802734
15414
0.004530906677246094
17021
0.004854917526245117
19248
0.00515294075012207
20673
0.005287885665893555
22280
0.005649089813232422
24507
0.0058078765869140625
26114
0.0059430599212646484
27721
0.0060520172119140625
29328
0.010979890823364258
29327
0.011110067367553711
0
1426
0.0032241344451904297
2851
0.003493070602416992
4276
0.0036110877990722656
6503
0.003704071044921875
8110
0.0038840770721435547
9717
0.0040950775146484375
11944
0.004361152648925781
14171
0.004560947418212891
15778
0.004667997360229492
17203
0.004857063293457031
18628
0.005017995834350586
20235
0.005304098129272461
21660
0.005414009094238281
23267
0.005764007568359375
25494
0.0058591365814208984
27721
0.006098031997680664
29328
0.010903120040893555
29327
0.011033058166503906
0
1426
0.0031938552856445312
2851
0.0033638477325439453
4276
0.0036079883575439453
6503
0.003726959228515625
8730
0.003994941711425781
10155
0.004129886627197266
12382
0.004334926605224609
13989
0.0045909881591796875
15414
0.004728794097900391
17021
0.004849910736083984
18628
0.0050699710845947266
20235
0.005265951156616211
21660
0.005385875701904297
23267
0.005711793899536133
25494
0.006036996841430664
27721
0.006173849105834961
29328
0.011256933212280273
29327
0.011395931243896484
0
1426
0.0032880306243896484
2851
0.0035419464111328125
5078
0.0036711692810058594
6503
0.0037851333618164062
8110
0.003951072692871094
10337
0.004508018493652344
11762
0.004663944244384766
13989
0.004781961441040039
15596
0.004945993423461914
17021
0.0051021575927734375
18446
0.0052280426025390625
20053
0.005398988723754883
21660
0.0055730342864990234
23267
0.005674123764038086
25494
0.00589299201965332
27721
0.0061321258544921875
29328
0.01106405258178711
29327
0.011201143264770508
0
1426
0.0033049583435058594
2851
0.003559112548828125
4276
0.003679990768432617
6503
0.0038030147552490234
7928
0.0040318965911865234
9353
0.004115104675292969
11580
0.004441022872924805
13187
0.0046460628509521484
15414
0.004756927490234375
17021
0.0048770904541015625
18628
0.0050830841064453125
20053
0.005249977111816406
21660
0.005388021469116211
23267
0.005650997161865234
25494
0.00586700439453125
27721
0.006112098693847656
29328
0.010960102081298828
29327
0.011092901229858398
0
1426
0.003094911575317383
2851
0.0032999515533447266
4276
0.003543853759765625
5701
0.0036389827728271484
7928
0.003777027130126953
9535
0.004067897796630859
11762
0.004364967346191406
13369
0.00468897819519043
15596
0.004892826080322266
17203
0.005024909973144531
18628
0.00517582893371582
20235
0.0053479671478271484
21660
0.005448818206787109
23267
0.0056188106536865234
25494
0.005951881408691406
27721
0.0060999393463134766
29328
0.011049985885620117
29327
0.011183023452758789
0
1426
0.0031762123107910156
2851
0.0033540725708007812
4276
0.0034711360931396484
5701
0.0036940574645996094
7928
0.0037910938262939453
9353
0.004134178161621094
10960
0.004235982894897461
13187
0.004469156265258789
14794
0.0046880245208740234
16401
0.004800081253051758
18628
0.005159139633178711
20053
0.005251169204711914
21660
0.005526065826416016
23887
0.005764007568359375
25494
0.005912065505981445
27721
0.006097078323364258
29328
0.011182069778442383
29327
0.011316061019897461
0
1426
0.0031418800354003906
2851
0.0033168792724609375
4276
0.0033860206604003906
6503
0.003654956817626953
8730
0.004052877426147461
10155
0.004136085510253906
11580
0.004211902618408203
13187
0.004430055618286133
14794
0.00456690788269043
16401
0.00480198860168457
18628
0.005012035369873047
20053
0.005155086517333984
21660
0.005549907684326172
23267
0.005708932876586914
25494
0.005816936492919922
27721
0.006093025207519531
29328
0.010994911193847656
29327
0.011131048202514648
0
1426
0.0030939579010009766
2851
0.0032329559326171875
4276
0.00356292724609375
6503
0.0036749839782714844
7928
0.003988027572631836
10155
0.0044019222259521484
11580
0.004498958587646484
13187
0.00470280647277832
15414
0.004791975021362305
17021
0.0049419403076171875
18628
0.005105018615722656
20053
0.005224943161010742
22280
0.005482912063598633
23887
0.005613803863525391
26114
0.0060498714447021484
27721
0.00613093376159668
29328
0.010968923568725586
29327
0.011102914810180664
0
1426
0.003175973892211914
2851
0.0033659934997558594
4276
0.003490924835205078
5701
0.0037450790405273438
7928
0.0038728713989257812
9535
0.003983974456787109
10960
0.004117012023925781
12567
0.004270076751708984
14174
0.004400014877319336
16401
0.005018949508666992
17826
0.005224943161010742
19433
0.005363941192626953
21660
0.0055348873138427734
23267
0.0056879520416259766
25494
0.005991935729980469
27721
0.006119966506958008
29328
0.010988950729370117
29327
0.011120080947875977
0
1426
0.0032958984375
2851
0.003412008285522461
4276
0.0035429000854492188
5701
0.003779888153076172
7928
0.003992795944213867
9353
0.004095792770385742
11580
0.0043909549713134766
13187
0.00453495979309082
14794
0.004670858383178711
16401
0.004797935485839844
18008
0.004987001419067383
19433
0.005223989486694336
21660
0.005441904067993164
23267
0.005612850189208984
25494
0.005857944488525391
27721
0.0078887939453125
29328
0.011082887649536133
29327
0.011209964752197266
0
1426
0.003278017044067383
2851
0.0034151077270507812
4276
0.003637075424194336
6503
0.0037391185760498047
7928
0.003916025161743164
9353
0.004379987716674805
10960
0.004516124725341797
13187
0.0046350955963134766
15414
0.00484013557434082
17021
0.0049440860748291016
18628
0.005156040191650391
20235
0.00533294677734375
21842
0.005505084991455078
23267
0.005640983581542969
25494
0.005861043930053711
27721
0.00613093376159668
29328
0.010731935501098633
29327
0.010865926742553711
0
1426
0.003081798553466797
2851
0.0032339096069335938
4276
0.0034799575805664062
6503
0.0036020278930664062
7928
0.003908872604370117
9535
0.00403594970703125
11762
0.004376888275146484
13369
0.0045468807220458984
15596
0.004703998565673828
17021
0.004839897155761719
18628
0.004998922348022461
20053
0.005146026611328125
21660
0.005550861358642578
23887
0.005747795104980469
25494
0.005833864212036133
27721
0.006036996841430664
29328
0.010733842849731445
29327
0.010864019393920898
0
1426
0.0031387805938720703
2851
0.0034339427947998047
4276
0.0035588741302490234
6503
0.0036818981170654297
7928
0.0038678646087646484
10155
0.0041887760162353516
11762
0.004294872283935547
13187
0.004745960235595703
14794
0.004831790924072266
17021
0.0050048828125
18628
0.005181789398193359
20235
0.005327939987182617
21842
0.0054759979248046875
23267
0.005585908889770508
25494
0.005768775939941406
27721
0.006079912185668945
29328
0.010911941528320312
29327
0.011043787002563477
0
1426
0.0031020641326904297
2851
0.003370046615600586
5078
0.003507852554321289
6503
0.0036270618438720703
7928
0.0037899017333984375
9535
0.004143953323364258
11762
0.0044689178466796875
13369
0.004662036895751953
15596
0.004754066467285156
17203
0.004881858825683594
18628
0.00509190559387207
20053
0.005188941955566406
21660
0.0053598880767822266
23267
0.005548000335693359
25494
0.005970001220703125
27721
0.006103038787841797
29328
0.010887861251831055
29327
0.011029958724975586
0
1426
0.0031049251556396484
2851
0.0034248828887939453
5078
0.0035409927368164062
6503
0.0036668777465820312
7928
0.003843069076538086
9535
0.004160881042480469
10960
0.004336833953857422
13187
0.004533052444458008
14794
0.004654884338378906
16401
0.0047838687896728516
17826
0.005084037780761719
20053
0.005157947540283203
21660
0.005387067794799805
23267
0.005543947219848633
25494
0.005739927291870117
27721
0.006042003631591797
29328
0.01104593276977539
29327
0.011178016662597656
0
1426
0.0032320022583007812
2851
0.003490924835205078
4276
0.0035948753356933594
6503
0.003712892532348633
7928
0.003902912139892578
9353
0.004033088684082031
11580
0.004457950592041016
13807
0.004642963409423828
15414
0.004736900329589844
17021
0.004879951477050781
18628
0.005090951919555664
20053
0.0052340030670166016
21660
0.0053598880767822266
23267
0.005680084228515625
25494
0.005835056304931641
27721
0.006105899810791016
29328
0.011034965515136719
29327
0.011168956756591797
0
1426
0.003314971923828125
2851
0.0034410953521728516
4276
0.0035431385040283203
6503
0.0037860870361328125
7928
0.003947019577026367
9535
0.004033088684082031
11762
0.004474163055419922
13369
0.004621028900146484
15596
0.004777193069458008
17203
0.005004167556762695
18628
0.005159139633178711
20053
0.0053060054779052734
21660
0.005518198013305664
23267
0.005669116973876953
25494
0.005856990814208984
27721
0.006142139434814453
29328
0.010825157165527344
29327
0.010960102081298828
0
1426
0.003080129623413086
2851
0.0033872127532958984
5078
0.0035262107849121094
6503
0.003614187240600586
8110
0.004020214080810547
10337
0.00416111946105957
11762
0.00452113151550293
13989
0.004637002944946289
15414
0.0047800540924072266
17021
0.00493311882019043
18628
0.005073070526123047
20235
0.00522303581237793
21842
0.0053730010986328125
23267
0.005571126937866211
25494
0.005773067474365234
27721
0.006062030792236328
29328
0.010745048522949219
29327
0.010873079299926758
0
1426
0.0031080245971679688
2851
0.0033578872680664062
4276
0.0034868717193603516
6503
0.003610849380493164
7928
0.003998994827270508
10155
0.004072904586791992
12382
0.0043790340423583984
13989
0.004528045654296875
15596
0.004720926284790039
17021
0.004853963851928711
18628
0.005046844482421875
20053
0.005198001861572266
21660
0.005348920822143555
23267
0.005530834197998047
25494
0.005751848220825195
27721
0.006043910980224609
29328
0.01112985610961914
29327
0.011265039443969727
0
1426
0.0031249523162841797
2851
0.003306865692138672
4276
0.003459930419921875
6503
0.003690004348754883
7928
0.003793001174926758
9353
0.004005908966064453
10960
0.004143953323364258
13187
0.004703998565673828
14794
0.0048558712005615234
17021
0.0050089359283447266
18628
0.0051610469818115234
20053
0.005305051803588867
21660
0.005467891693115234
23887
0.00564885139465332
25494
0.00577092170715332
27721
0.006067991256713867
29328
0.01081395149230957
29327
0.010954856872558594
0
1426
0.003086090087890625
2851
0.003347158432006836
4276
0.0034461021423339844
5701
0.003628969192504883
7928
0.0037419795989990234
9535
0.004155158996582031
10960
0.004273176193237305
13187
0.004466056823730469
14794
0.00463104248046875
17021
0.0049321651458740234
18446
0.005131959915161133
20053
0.0052220821380615234
21660
0.005412101745605469
23267
0.005515098571777344
25494
0.005766153335571289
27721
0.006057024002075195
29328
0.010977983474731445
29327
0.011110067367553711
0
1426
0.0033521652221679688
2851
0.0036270618438720703
4276
0.003751993179321289
6503
0.003885030746459961
7928
0.004083156585693359
9535
0.004206180572509766
11762
0.004343986511230469
13369
0.004516124725341797
15596
0.004662036895751953
17203
0.004777193069458008
18628
0.005177974700927734
20053
0.0052759647369384766
21660
0.005483150482177734
23267
0.005630016326904297
25494
0.006051063537597656
27721
0.006194114685058594
29328
0.010970115661621094
29327
0.011106014251708984
0
1426
0.003422975540161133
2851
0.0035631656646728516
4276
0.0036721229553222656
6503
0.003901958465576172
7928
0.0040361881256103516
10155
0.004420042037963867
11762
0.004500150680541992
13187
0.004698991775512695
14794
0.004824161529541016
17021
0.0049800872802734375
18628
0.005201101303100586
20053
0.0053021907806396484
21660
0.005568027496337891
23887
0.005882978439331055
25494
0.0059909820556640625
27721
0.0061740875244140625
29328
0.01094818115234375
29327
0.011092185974121094
0
1426
0.003139019012451172
2851
0.0033690929412841797
4276
0.0034940242767333984
6503
0.0037140846252441406
8110
0.00403594970703125
10337
0.004179954528808594
12564
0.004364967346191406
13989
0.004536867141723633
15414
0.004630088806152344
17021
0.004781007766723633
18628
0.005032062530517578
20053
0.005255937576293945
22280
0.005418062210083008
23887
0.005548954010009766
25494
0.005846977233886719
27721
0.006085872650146484
29328
0.011121988296508789
29327
0.011255979537963867
0
1426
0.0031490325927734375
2851
0.0033371448516845703
4276
0.0035991668701171875
5701
0.003718137741088867
7928
0.0038270950317382812
9535
0.004194974899291992
11762
0.004418134689331055
13369
0.004650115966796875
15596
0.004745006561279297
17203
0.004876136779785156
18628
0.005106210708618164
20053
0.005204200744628906
21660
0.00546717643737793
23267
0.005616188049316406
25494
0.005800008773803711
27721
0.006067037582397461
29328
0.010986089706420898
29327
0.01112818717956543
0
1426
0.0032930374145507812
2851
0.0034110546112060547
4276
0.003648996353149414
6503
0.0037550926208496094
8110
0.004108905792236328
10337
0.004373073577880859
11762
0.004530906677246094
13989
0.0046350955963134766
15414
0.004781961441040039
17021
0.004900932312011719
18628
0.00529789924621582
20235
0.005443096160888672
21842
0.005553007125854492
23267
0.005711078643798828
25494
0.006153106689453125
27721
0.006247997283935547
29328
0.01152801513671875
29327
0.011662006378173828
0
1426
0.0032339096069335938
2851
0.0033659934997558594
4276
0.0036079883575439453
6503
0.0037109851837158203
7928
0.0038919448852539062
10155
0.0041429996490478516
12382
0.004384040832519531
13989
0.004544973373413086
15414
0.004868984222412109
17021
0.0050089359283447266
18628
0.00516510009765625
20053
0.005320072174072266
21660
0.0055730342864990234
23267
0.00569605827331543
25494
0.005875110626220703
27721
0.00615692138671875
29328
0.010859012603759766
29327
0.010992050170898438
0
1426
0.003168821334838867
2851
0.003435850143432617
4276
0.0035598278045654297
6503
0.003670930862426758
7928
0.003882884979248047
9535
0.0041849613189697266
11762
0.004355907440185547
13989
0.004518985748291016
15596
0.004686832427978516
17203
0.004929780960083008
18628
0.0051038265228271484
20053
0.005252838134765625
21660
0.005423784255981445
23267
0.00557398796081543
25494
0.005743980407714844
27721
0.006042957305908203
29328
0.011126995086669922
29327
0.011263847351074219
0
1426
0.0030388832092285156
3653
0.003400087356567383
5078
0.003537893295288086
6503
0.0036339759826660156
7928
0.003824949264526367
9535
0.004132986068725586
11762
0.0042989253997802734
13369
0.004601001739501953
15596
0.004717111587524414
17203
0.004873991012573242
18628
0.005073070526123047
20053
0.005208015441894531
21660
0.00535893440246582
23267
0.0055010318756103516
25494
0.005721092224121094
27721
0.00598907470703125
29328
0.01133108139038086
29327
0.011460065841674805
0
1426
0.003091096878051758
2851
0.0032172203063964844
5078
0.003536224365234375
6503
0.0036530494689941406
8110
0.0039980411529541016
10337
0.0041141510009765625
12564
0.0044291019439697266
13989
0.004564046859741211
15596
0.004678010940551758
17203
0.004868030548095703
18810
0.004983186721801758
21037
0.005387067794799805
22644
0.00551605224609375
24871
0.005657196044921875
26478
0.010824203491210938
27903
0.012368202209472656
29328
0.012536048889160156
29327
0.012678146362304688
0
1426
0.0030798912048339844
2851
0.0033140182495117188
4276
0.0035538673400878906
6503
0.0036590099334716797
7928
0.0038399696350097656
10155
0.00420689582824707
11762
0.004335880279541016
13989
0.004472970962524414
15596
0.004635810852050781
17021
0.004731893539428711
18446
0.005029916763305664
20053
0.0051288604736328125
21660
0.005374908447265625
23887
0.0058689117431640625
26114
0.00603485107421875
27721
0.006147861480712891
29328
0.010955810546875
29327
0.011098861694335938
0
1426
0.0031239986419677734
2851
0.0034101009368896484
5078
0.0035610198974609375
6503
0.0036721229553222656
8730
0.0039081573486328125
10957
0.004155158996582031
12382
0.004298210144042969
13989
0.004474163055419922
15596
0.00463104248046875
17021
0.004786014556884766
18446
0.005002021789550781
20053
0.005153179168701172
22280
0.005513191223144531
23887
0.005605220794677734
25494
0.0058062076568603516
27721
0.0060460567474365234
29328
0.010863065719604492
29327
0.010995149612426758
0
1426
0.003098011016845703
2851
0.0032279491424560547
4276
0.0034630298614501953
5883
0.003724813461303711
7308
0.003844022750854492
8915
0.004247903823852539
10340
0.004454851150512695
12567
0.004599809646606445
14174
0.004734992980957031
16401
0.004912853240966797
18008
0.0051000118255615234
19433
0.005180835723876953
21660
0.005556821823120117
23267
0.005676984786987305
25494
0.0058248043060302734
27721
0.006094932556152344
29328
0.010960817337036133
29327
0.011091947555541992
0
1426
0.0033731460571289062
2851
0.0036661624908447266
4276
0.003776073455810547
6503
0.0039250850677490234
8110
0.0041561126708984375
9535
0.004388093948364258
11762
0.004559993743896484
13369
0.004650115966796875
14976
0.0048329830169677734
17203
0.004956960678100586
18628
0.0051729679107666016
20235
0.005327939987182617
21660
0.005537986755371094
23267
0.005691051483154297
25494
0.005881071090698242
27721
0.006154060363769531
29328
0.011132955551147461
29327
0.011270999908447266
0
1426
0.003267049789428711
2851
0.003389120101928711
4276
0.0036330223083496094
5701
0.00374603271484375
7928
0.003863096237182617
9535
0.004194974899291992
11762
0.004455089569091797
13989
0.004647016525268555
15596
0.004786014556884766
17203
0.004893064498901367
18810
0.005142927169799805
20235
0.005362033843994141
21660
0.005547046661376953
23267
0.005650997161865234
25494
0.005946159362792969
27721
0.006114006042480469
29328
0.01082611083984375
29327
0.0109710693359375
0
1426
0.0032308101654052734
2851
0.00347900390625
4276
0.0035889148712158203
6503
0.003718852996826172
7928
0.003981828689575195
10155
0.004114866256713867
12382
0.004333019256591797
13807
0.004499912261962891
15414
0.004603862762451172
17021
0.004818916320800781
18628
0.005257844924926758
20235
0.005385875701904297
21660
0.005486965179443359
23267
0.005652904510498047
25494
0.0058138370513916016
27721
0.006102800369262695
29328
0.011137008666992188
29327
0.011266946792602539
0
1426
0.0031938552856445312
2851
0.0033969879150390625
4276
0.003604888916015625
6503
0.003732919692993164
7928
0.00400996208190918
10155
0.0041239261627197266
12382
0.004397869110107422
13989
0.004562854766845703
15596
0.004660844802856445
17823
0.005219936370849609
19430
0.00541996955871582
20855
0.005537986755371094
22462
0.005731821060180664
24069
0.00586390495300293
26296
0.006021976470947266
27721
0.006124019622802734
29328
0.010896921157836914
29327
0.01102900505065918
0
1426
0.003165006637573242
2851
0.003454923629760742
4276
0.003568887710571289
6503
0.0037050247192382812
7928
0.003964900970458984
9353
0.00418400764465332
11580
0.00445103645324707
13187
0.00465083122253418
15414
0.004766941070556641
16839
0.004909038543701172
18446
0.005098819732666016
20053
0.005265951156616211
21660
0.005374908447265625
23267
0.005630016326904297
25494
0.005805015563964844
27721
0.006078958511352539
29328
0.010931968688964844
29327
0.011070966720581055
0
1426
0.003091096878051758
2851
0.003298044204711914
4276
0.003551006317138672
6503
0.003681182861328125
7928
0.0038721561431884766
10155
0.00433802604675293
12382
0.00445103645324707
13989
0.004638195037841797
15596
0.004739999771118164
17203
0.0048351287841796875
18628
0.005141019821166992
20235
0.005335092544555664
21660
0.005491018295288086
23267
0.0056111812591552734
25494
0.005788087844848633
27721
0.006133079528808594
29328
0.011193037033081055
29327
0.011335134506225586
0
1426
0.0030748844146728516
2851
0.0035200119018554688
4276
0.0036439895629882812
6503
0.0037560462951660156
7928
0.004091024398803711
10155
0.004186868667602539
12382
0.004358053207397461
13989
0.004509925842285156
15414
0.004870891571044922
17021
0.005001068115234375
18628
0.00518488883972168
20235
0.0053598880767822266
21842
0.005463838577270508
23267
0.005605936050415039
25494
0.005841970443725586
27721
0.006067037582397461
29328
0.010926008224487305
29327
0.011056900024414062
0
1426
0.003153085708618164
2851
0.003362894058227539
4276
0.0034689903259277344
6503
0.0037419795989990234
8730
0.003927946090698242
10155
0.004025936126708984
11580
0.004336118698120117
13807
0.0044879913330078125
15414
0.004636049270629883
17021
0.0047779083251953125
18628
0.004991054534912109
20053
0.005182027816772461
21660
0.005647897720336914
23267
0.005834102630615234
25494
0.005955934524536133
27721
0.006105899810791016
29328
0.011102914810180664
29327
0.011241912841796875
0
1426
0.003077983856201172
2851
0.003301858901977539
4276
0.0035719871520996094
6503
0.0037000179290771484
8110
0.004040956497192383
10337
0.004256010055541992
11762
0.0044689178466796875
13989
0.004593849182128906
15596
0.004686832427978516
17021
0.00485682487487793
18446
0.004998922348022461
20053
0.005403995513916016
22280
0.0055348873138427734
23887
0.005672931671142578
25494
0.005831003189086914
27721
0.006096839904785156
29328
0.011837959289550781
29327
0.01197195053100586
0
1426
0.0031850337982177734
2851
0.003470897674560547
4276
0.0035479068756103516
6503
0.0036890506744384766
7928
0.004007101058959961
9535
0.00441288948059082
11762
0.0045070648193359375
13989
0.004694938659667969
15596
0.00483393669128418
17203
0.004926919937133789
18628
0.005151033401489258
20235
0.005280971527099609
21660
0.005536079406738281
23887
0.005881071090698242
26114
0.006059885025024414
27721
0.006175994873046875
29328
0.010879039764404297
29327
0.011017084121704102
0
1426
0.003217935562133789
2851
0.003374814987182617
4276
0.003618001937866211
6503
0.003762960433959961
8730
0.004007816314697266
10337
0.004095792770385742
11762
0.004438877105712891
13989
0.004578828811645508
15414
0.00471186637878418
17021
0.004827976226806641
18628
0.004992961883544922
20053
0.005242824554443359
22280
0.005508899688720703
23887
0.005623817443847656
25494
0.005816936492919922
27721
0.006083965301513672
29328
0.01093292236328125
29327
0.011083841323852539
0
1426
0.0032248497009277344
2851
0.0035169124603271484
4276
0.003632068634033203
6503
0.003741025924682617
8730
0.004047870635986328
10155
0.004137992858886719
12382
0.0043179988861083984
13989
0.004477024078369141
15596
0.004625082015991211
17021
0.004848957061767578
18628
0.005053997039794922
20235
0.005295991897583008
22462
0.005482912063598633
23887
0.0056879520416259766
25494
0.005945920944213867
27721
0.0061130523681640625
29328
0.011116981506347656
29327
0.011252880096435547
0
1426
0.0031981468200683594
2851
0.003492116928100586
5078
0.0036330223083496094
6503
0.003731966018676758
7928
0.0039179325103759766
9535
0.004151105880737305
11762
0.004650115966796875
13989
0.004745006561279297
15596
0.0048711299896240234
17203
0.005118131637573242
18628
0.00522303581237793
20235
0.00539398193359375
21660
0.0055539608001708984
23267
0.0056610107421875
25494
0.00595402717590332
27721
0.006276130676269531
29328
0.011069059371948242
29327
0.011204004287719727
0
1426
0.0031278133392333984
2851
0.0034668445587158203
4276
0.003568887710571289
6503
0.0036737918853759766
7928
0.003888845443725586
9353
0.004019975662231445
11580
0.004381895065307617
13187
0.004550933837890625
14794
0.004705905914306641
17021
0.005028963088989258
18628
0.005196809768676758
20235
0.005339860916137695
21660
0.005466938018798828
23267
0.0055828094482421875
25494
0.005817890167236328
27721
0.007826805114746094
29328
0.011079788208007812
29327
0.011224985122680664
0
1426
0.0031070709228515625
2851
0.0033690929412841797
5078
0.003509998321533203
6503
0.0036211013793945312
7928
0.003789186477661133
9535
0.0043010711669921875
11762
0.004454135894775391
13187
0.004642963409423828
14794
0.004733085632324219
17021
0.004887104034423828
18446
0.005073070526123047
20053
0.005216121673583984
21660
0.005331993103027344
23267
0.0054700374603271484
25494
0.005738019943237305
27721
0.008877038955688477
29328
0.011172056198120117
29327
0.011301994323730469
0
1426
0.003340005874633789
2851
0.00347900390625
5078
0.0035982131958007812
6503
0.003787994384765625
7928
0.0038712024688720703
10155
0.004279136657714844
11762
0.004661083221435547
13187
0.004767179489135742
14794
0.004873991012573242
17021
0.005088090896606445
18628
0.005232095718383789
20053
0.005372047424316406
21660
0.005504131317138672
23267
0.005609035491943359
25494
0.0058441162109375
27721
0.006103992462158203
29328
0.011118173599243164
29327
0.011248111724853516
0
1426
0.0030641555786132812
2851
0.0032410621643066406
4276
0.0034949779510498047
6503
0.0036330223083496094
7928
0.003818035125732422
9535
0.004052162170410156
11142
0.0041811466217041016
13369
0.00434112548828125
15596
0.0048601627349853516
17203
0.004951000213623047
18810
0.00513911247253418
20235
0.005303144454956055
21660
0.005434989929199219
23267
0.005583047866821289
25494
0.0060350894927978516
27721
0.006150007247924805
29328
0.010777950286865234
29327
0.010914087295532227
0
1426
0.003108978271484375
2851
0.0032927989959716797
5078
0.0034499168395996094
6503
0.003615856170654297
8730
0.003827810287475586
10337
0.004216909408569336
12564
0.0043299198150634766
14171
0.004511833190917969
15778
0.004601955413818359
17203
0.004769802093505859
18628
0.0049648284912109375
20235
0.0051729679107666016
22462
0.005349874496459961
24689
0.005775928497314453
26296
0.005949974060058594
27721
0.006047964096069336
29328
0.01086282730102539
29327
0.010989904403686523
0
1426
0.003368854522705078
2851
0.003448009490966797
4276
0.003567934036254883
6503
0.003793954849243164
7928
0.003950834274291992
10155
0.004087924957275391
11762
0.004341840744018555
13369
0.004465818405151367
15596
0.004673004150390625
17203
0.0047948360443115234
18628
0.005055904388427734
20235
0.005342960357666016
21842
0.005482912063598633
23267
0.0055789947509765625
25494
0.0058209896087646484
27721
0.006117820739746094
29328
0.010841846466064453
29327
0.010974884033203125
0
1426
0.003242015838623047
2851
0.003376007080078125
4276
0.0036258697509765625
6503
0.0037620067596435547
7928
0.003941059112548828
9535
0.004320859909057617
11762
0.004410982131958008
13187
0.00455784797668457
14794
0.004705905914306641
17021
0.004948854446411133
18628
0.005156040191650391
20053
0.005251884460449219
21660
0.005425930023193359
23267
0.005609989166259766
25494
0.005785942077636719
27721
0.006057024002075195
29328
0.011009931564331055
29327
0.011142969131469727
0
1426
0.0032927989959716797
2851
0.0034568309783935547
4276
0.0037147998809814453
6503
0.0038459300994873047
7928
0.004016876220703125
10155
0.0043888092041015625
11762
0.004528999328613281
13989
0.004765987396240234
15596
0.004932880401611328
17021
0.005043983459472656
18628
0.005255937576293945
20053
0.005342960357666016
21660
0.005497932434082031
23267
0.0056610107421875
25494
0.005860805511474609
27721
0.006114959716796875
29328
0.01099085807800293
29327
0.011130809783935547
0
1426
0.0031571388244628906
2851
0.003522157669067383
5078
0.0036191940307617188
6503
0.0037300586700439453
7928
0.003911018371582031
10155
0.00425410270690918
11762
0.004419088363647461
13989
0.004527091979980469
15596
0.004659175872802734
17021
0.004836082458496094
18446
0.005004167556762695
20053
0.005377054214477539
21660
0.0055501461029052734
23267
0.005657196044921875
25494
0.0058841705322265625
27721
0.006167173385620117
29328
0.010697126388549805
29327
0.01082611083984375
0
1426
0.0030710697174072266
2851
0.003371000289916992
4276
0.003489971160888672
6503
0.0036101341247558594
7928
0.0037851333618164062
9535
0.004143953323364258
11762
0.004261016845703125
13369
0.004408121109008789
14976
0.00457310676574707
16401
0.004971027374267578
18628
0.00515294075012207
20053
0.005278110504150391
21660
0.005362987518310547
23267
0.005669116973876953
25494
0.005836009979248047
27721
0.005991935729980469
29328
0.010988950729370117
29327
0.011122941970825195
0
1426
0.003100156784057617
2851
0.0032851696014404297
4276
0.0034210681915283203
5701
0.0036351680755615234
7928
0.003802061080932617
9535
0.003968000411987305
11762
0.004060983657836914
13187
0.004312038421630859
14612
0.004425048828125
16219
0.004656076431274414
17826
0.0048291683197021484
19433
0.005030155181884766
21660
0.0054531097412109375
23887
0.005637168884277344
26114
0.00589299201965332
27721
0.0060269832611083984
29328
0.01108407974243164
29327
0.011214971542358398
0
1426
0.003145933151245117
2851
0.003331899642944336
4276
0.0034379959106445312
5701
0.003674030303955078
7126
0.0038330554962158203
9353
0.003966093063354492
10960
0.004110097885131836
12567
0.004389047622680664
14794
0.0046079158782958984
16401
0.004781961441040039
17826
0.004850864410400391
19433
0.005177021026611328
21040
0.005294084548950195
23267
0.005496025085449219
25494
0.005811929702758789
27721
0.006613016128540039
29328
0.011100053787231445
29327
0.011230945587158203
0
1426
0.003042936325073242
2851
0.003345966339111328
5078
0.0034761428833007812
6503
0.0036051273345947266
7928
0.003770112991333008
9353
0.00394892692565918
11580
0.004375934600830078
13187
0.004547119140625
14794
0.004642963409423828
17021
0.004805088043212891
18628
0.005032062530517578
20235
0.005175113677978516
21660
0.005491018295288086
23267
0.005656003952026367
25494
0.005789041519165039
27721
0.0060100555419921875
29328
0.010999917984008789
29327
0.011138916015625
0
1426
0.0030319690704345703
2851
0.0032100677490234375
4276
0.003348112106323242
5701
0.003475189208984375
7126
0.0036001205444335938
9353
0.004007101058959961
11580
0.0041179656982421875
13187
0.004233121871948242
14794
0.0044519901275634766
16401
0.004801034927368164
18008
0.004939079284667969
19615
0.005110979080200195
21040
0.005280971527099609
23267
0.005429983139038086
25494
0.005692005157470703
27721
0.00763702392578125
29328
0.011120080947875977
29327
0.011254072189331055
0
1426
0.0033140182495117188
2851
0.003464937210083008
4276
0.003709077835083008
5701
0.0037860870361328125
7928
0.003909111022949219
9535
0.004066944122314453
11142
0.0041730403900146484
13369
0.00446009635925293
14976
0.004756927490234375
16401
0.004847049713134766
18008
0.005157947540283203
20235
0.005255937576293945
21660
0.005433082580566406
23267
0.005583047866821289
25494
0.005782127380371094
27721
0.006072998046875
29328
0.011281967163085938
29327
0.011413097381591797
0
1426
0.003537893295288086
2851
0.003628969192504883
4276
0.003741025924682617
6503
0.0038590431213378906
7928
0.004071950912475586
9535
0.004150867462158203
11762
0.0043828487396240234
13369
0.0044939517974853516
14976
0.004804849624633789
16401
0.0049190521240234375
18628
0.005142927169799805
20235
0.00527191162109375
21842
0.005517005920410156
23267
0.005642890930175781
25494
0.005806922912597656
27721
0.006089925765991211
29328
0.010879993438720703
29327
0.011011838912963867
0
1426
0.0031080245971679688
2851
0.0034530162811279297
5078
0.003576993942260742
6503
0.003674030303955078
7928
0.0038259029388427734
9535
0.004053831100463867
10960
0.004214048385620117
13187
0.0044138431549072266
14794
0.004564046859741211
17021
0.004803895950317383
18446
0.0050089359283447266
20053
0.005198955535888672
21660
0.005290031433105469
23887
0.005647897720336914
26114
0.005930900573730469
27721
0.006072044372558594
29328
0.01081395149230957
29327
0.010947942733764648
0
1426
0.0031239986419677734
2851
0.0034198760986328125
5078
0.003551006317138672
6503
0.003665924072265625
7928
0.0038290023803710938
10155
0.004278898239135742
11762
0.004553079605102539
13369
0.004662990570068359
15596
0.004911899566650391
17021
0.005040884017944336
18446
0.005135059356689453
20053
0.00533604621887207
21660
0.005465030670166016
23267
0.0056149959564208984
25494
0.005758047103881836
27721
0.006067991256713867
29328
0.011039972305297852
29327
0.011169910430908203
0
1426
0.0031359195709228516
2851
0.003432035446166992
5078
0.0035538673400878906
6503
0.00368499755859375
7928
0.003911018371582031
10155
0.0040400028228759766
12382
0.004375934600830078
13989
0.00449681282043457
15414
0.00475001335144043
17021
0.004935026168823242
18628
0.005129814147949219
20235
0.005322933197021484
21660
0.005478858947753906
23267
0.005615949630737305
25494
0.005784034729003906
27721
0.006054878234863281
29328
0.010885953903198242
29327
0.011016845703125
0
1426
0.003113985061645508
2851
0.003419160842895508
5078
0.0035631656646728516
6503
0.0036640167236328125
7928
0.0038640499114990234
10155
0.004168033599853516
12382
0.0044481754302978516
13989
0.004513978958129883
15414
0.004650115966796875
16839
0.004945039749145508
18446
0.005040168762207031
20053
0.005193948745727539
21660
0.005704164505004883
23887
0.005877971649169922
25494
0.00601506233215332
27721
0.006118059158325195
29328
0.011427164077758789
29327
0.011559009552001953
0
1426
0.003052949905395508
3653
0.0034008026123046875
5078
0.003615856170654297
6503
0.003721952438354492
7928
0.0038149356842041016
9535
0.004266977310180664
11762
0.004423856735229492
13369
0.004642963409423828
15596
0.0048007965087890625
17021
0.00500178337097168
18628
0.005192995071411133
20053
0.005333900451660156
21660
0.005495786666870117
23267
0.0056018829345703125
25494
0.005761861801147461
27721
0.0060498714447021484
29328
0.011096000671386719
29327
0.01123499870300293
0
1426
0.003165006637573242
2851
0.003412961959838867
4276
0.0035390853881835938
6503
0.0036690235137939453
8110
0.0039060115814208984
9535
0.004045009613037109
11762
0.004225969314575195
13187
0.004361152648925781
14794
0.004517078399658203
17021
0.004842996597290039
18628
0.005330085754394531
20235
0.005501985549926758
21660
0.005601167678833008
23267
0.005778074264526367
25494
0.0059659481048583984
27721
0.0060999393463134766
29328
0.010926961898803711
29327
0.011072158813476562
0
1426
0.0030798912048339844
2851
0.0032138824462890625
4276
0.003545999526977539
6503
0.003677845001220703
7928
0.00385284423828125
9535
0.0041828155517578125
11762
0.004457950592041016
13989
0.004599809646606445
15596
0.004738807678222656
17203
0.004810810089111328
18628
0.005071878433227539
20235
0.005379915237426758
21842
0.0055389404296875
24069
0.005755901336669922
26296
0.005931854248046875
27721
0.0060617923736572266
29328
0.011263847351074219
29327
0.011401891708374023
0
1426
0.003084897994995117
2851
0.003468036651611328
4276
0.0035719871520996094
6503
0.0036818981170654297
7928
0.003844022750854492
9535
0.0041429996490478516
11142
0.004305839538574219
13369
0.004492998123168945
15596
0.004673957824707031
17203
0.00476384162902832
18810
0.005084991455078125
20235
0.00523686408996582
21660
0.005393028259277344
23267
0.0056629180908203125
25494
0.005805015563964844
27721
0.006022930145263672
29328
0.010635852813720703
29327
0.010766983032226562
0
1426
0.0032219886779785156
2851
0.0034379959106445312
4276
0.0035669803619384766
5701
0.0037240982055664062
7308
0.004168033599853516
9535
0.004287004470825195
11762
0.004431962966918945
13369
0.004601955413818359
14976
0.004765987396240234
16401
0.005141019821166992
18628
0.005302906036376953
20235
0.0054509639739990234
21842
0.005579948425292969
23267
0.005677938461303711
25494
0.005923032760620117
27721
0.006150960922241211
29328
0.011307954788208008
29327
0.011439085006713867
0
1426
0.0032629966735839844
2851
0.0035200119018554688
5078
0.0036389827728271484
6503
0.0037860870361328125
7928
0.003931999206542969
9535
0.004018068313598633
11762
0.0044519901275634766
13369
0.004599094390869141
15596
0.004750967025756836
17203
0.004843950271606445
18628
0.005095005035400391
20053
0.005248069763183594
21660
0.0054531097412109375
23267
0.0056040287017822266
25494
0.00580906867980957
27721
0.00615692138671875
29328
0.01087808609008789
29327
0.011011123657226562
0
1426
0.003462076187133789
2851
0.0037169456481933594
5078
0.003854990005493164
7305
0.0040590763092041016
8912
0.004182100296020508
11139
0.0044209957122802734
12746
0.00453495979309082
14353
0.004728078842163086
15778
0.0051059722900390625
17203
0.005341053009033203
19430
0.005640983581542969
21657
0.005817890167236328
23082
0.005948066711425781
24689
0.006143093109130859
26114
0.0062580108642578125
27721
0.006365060806274414
29328
0.011169910430908203
29327
0.011303901672363281
0
1426
0.003264904022216797
2851
0.00339508056640625
4276
0.0035200119018554688
5701
0.0037429332733154297
7928
0.0038700103759765625
9353
0.00406193733215332
10960
0.004232883453369141
13187
0.004369020462036133
14794
0.0047490596771240234
16401
0.004856109619140625
18628
0.005337953567504883
20235
0.005485057830810547
21660
0.00560307502746582
23267
0.005733966827392578
25494
0.0058879852294921875
27721
0.006114959716796875
29328
0.011223077774047852
29327
0.011354923248291016
0
1426
0.0033240318298339844
2851
0.0034580230712890625
4276
0.0036690235137939453
5701
0.0037631988525390625
7126
0.004086017608642578
9353
0.004176139831542969
11580
0.0043370723724365234
13187
0.004561185836791992
14794
0.004682064056396484
17021
0.004934072494506836
18628
0.005190134048461914
20053
0.0055201053619384766
22280
0.005630016326904297
23887
0.005822181701660156
25494
0.005979061126708984
27721
0.006145000457763672
29328
0.011101007461547852
29327
0.011231184005737305
0
1426
0.0031659603118896484
2851
0.0034389495849609375
4276
0.0035610198974609375
6503
0.0036640167236328125
7928
0.003832101821899414
9535
0.0039958953857421875
11142
0.00424504280090332
13369
0.00439000129699707
14794
0.004498958587646484
16401
0.00463104248046875
17826
0.005099058151245117
20053
0.005207061767578125
21660
0.005384922027587891
23267
0.0057830810546875
25494
0.005914926528930664
27721
0.006078958511352539
29328
0.01102304458618164
29327
0.01115107536315918
0
1426
0.003167867660522461
2851
0.0034759044647216797
4276
0.0035889148712158203
6503
0.0037059783935546875
7928
0.0039060115814208984
9353
0.0039899349212646484
10960
0.004379987716674805
13187
0.00454401969909668
14794
0.0046770572662353516
16401
0.004817008972167969
18628
0.005010843276977539
20053
0.005177021026611328
21660
0.005375862121582031
23267
0.0055429935455322266
25494
0.005820035934448242
27721
0.0061190128326416016
29328
0.011224031448364258
29327
0.011361837387084961
0
1426
0.0030820369720458984
2851
0.0034050941467285156
4276
0.0035309791564941406
5701
0.0037581920623779297
7928
0.0039081573486328125
9353
0.004052162170410156
10960
0.0041730403900146484
13187
0.004415035247802734
14794
0.004636049270629883
17021
0.0047969818115234375
18446
0.005026102066040039
20053
0.005133152008056641
21660
0.005370140075683594
23887
0.005627155303955078
25494
0.005799055099487305
27721
0.006057024002075195
29328
0.010792970657348633
29327
0.010928153991699219
0
1426
0.0030701160430908203
2851
0.0033800601959228516
4276
0.00347900390625
6503
0.0035941600799560547
7928
0.003771066665649414
10155
0.004239082336425781
12382
0.004366159439086914
13989
0.0045621395111083984
15596
0.004698991775512695
17021
0.004790067672729492
18628
0.005082130432128906
20053
0.0052051544189453125
21660
0.005368947982788086
23267
0.005540132522583008
25494
0.005713939666748047
27721
0.006039142608642578
29328
0.011141061782836914
29327
0.011274099349975586
0
1426
0.0032889842987060547
2851
0.0035529136657714844
5078
0.0036628246307373047
6503
0.0037758350372314453
7928
0.003964900970458984
9353
0.004050016403198242
11580
0.004453897476196289
13187
0.004622936248779297
15414
0.0049169063568115234
17021
0.0050089359283447266
18628
0.0052068233489990234
20053
0.005339860916137695
22280
0.005656003952026367
23887
0.005772829055786133
25494
0.005993843078613281
27721
0.006227016448974609
29328
0.011212825775146484
29327
0.011340856552124023
0
1426
0.0032258033752441406
2851
0.003532886505126953
4276
0.003660917282104492
6503
0.0037689208984375
7928
0.00400090217590332
9535
0.004209995269775391
10960
0.0043489933013916016
13187
0.004536867141723633
15414
0.004695892333984375
17021
0.004790782928466797
18446
0.005076885223388672
20053
0.00521397590637207
21660
0.005468845367431641
23887
0.005857944488525391
25494
0.005961894989013672
27721
0.006127834320068359
29328
0.011203765869140625
29327
0.011340856552124023
0
1426
0.003247976303100586
2851
0.003381967544555664
4276
0.003618001937866211
5701
0.003718852996826172
7928
0.003937959671020508
9353
0.004045963287353516
11580
0.004373788833618164
13187
0.004522800445556641
14794
0.004663944244384766
16401
0.004929780960083008
18008
0.0050928592681884766
20235
0.0053598880767822266
21842
0.005545854568481445
24069
0.005701780319213867
25494
0.005873918533325195
27721
0.0060999393463134766
29328
0.01096796989440918
29327
0.011101007461547852
