0
1098
0.0030808448791503906
2195
0.00327301025390625
3292
0.0033788681030273438
4264
0.0035009384155273438
5236
0.0035719871520996094
6208
0.003720998764038086
7180
0.003793954849243164
8277
0.003932952880859375
9374
0.004024982452392578
10893
0.0041790008544921875
11865
0.0042569637298583984
13384
0.0043599605560302734
14903
0.004520893096923828
16422
0.004695892333984375
17941
0.004796028137207031
18913
0.006018877029418945
20010
0.009821891784667969
20009
0.009974002838134766
0
973
0.0026700496673583984
2070
0.0029609203338623047
3167
0.003075838088989258
4139
0.003165006637573242
5111
0.003229856491088867
6083
0.003306865692138672
7602
0.0035140514373779297
8699
0.0036139488220214844
9796
0.003702878952026367
11315
0.003927946090698242
12834
0.004011869430541992
13931
0.004170894622802734
14903
0.004286050796508789
16422
0.004461050033569336
17394
0.004561901092529297
18913
0.004665851593017578
20010
0.007629871368408203
20009
0.007756948471069336
0
973
0.002585172653198242
2070
0.0028760433197021484
3167
0.002952098846435547
4264
0.003030061721801758
5236
0.003097057342529297
6208
0.003216981887817383
7727
0.0033631324768066406
8699
0.0034410953521728516
9671
0.00351715087890625
10768
0.003612041473388672
11865
0.0038030147552490234
13384
0.003939151763916016
14356
0.004079103469848633
15875
0.004168033599853516
17394
0.00428009033203125
18913
0.0044400691986083984
20010
0.007920980453491211
20009
0.008036136627197266
0
973
0.002640962600708008
2070
0.0028400421142578125
3042
0.0029370784759521484
4014
0.003139019012451172
4986
0.00321197509765625
6083
0.003280162811279297
7180
0.003336191177368164
8277
0.003498077392578125
9796
0.003625154495239258
10768
0.003718137741088867
11865
0.0038421154022216797
13384
0.00399017333984375
14903
0.004168987274169922
15875
0.00434112548828125
17394
0.004462003707885742
18913
0.004572153091430664
20010
0.0077130794525146484
20009
0.007848024368286133
0
973
0.00255584716796875
2070
0.0028219223022460938
3167
0.0029358863830566406
4139
0.003017902374267578
5236
0.0031900405883789062
6208
0.003289937973022461
7180
0.00341796875
8277
0.003509998321533203
9796
0.0036759376525878906
10768
0.003793001174926758
12287
0.003927946090698242
13384
0.004019975662231445
14356
0.004169940948486328
15875
0.004269838333129883
17394
0.004446983337402344
18913
0.00455784797668457
20010
0.008041858673095703
20009
0.008167028427124023
0
973
0.002624988555908203
2070
0.002905130386352539
3167
0.0029859542846679688
4264
0.003072023391723633
5236
0.003142118453979492
6208
0.0032351016998291016
7305
0.0034530162811279297
8277
0.0035400390625
9249
0.0036051273345947266
10768
0.0037889480590820312
12287
0.003871917724609375
13259
0.003983974456787109
14356
0.004126071929931641
15875
0.004266977310180664
17394
0.004419088363647461
18913
0.004564046859741211
20010
0.007821083068847656
20009
0.007941007614135742
0
973
0.0026531219482421875
1945
0.002766132354736328
2917
0.0029900074005126953
4014
0.003097057342529297
5111
0.0031690597534179688
6208
0.003245115280151367
7305
0.0034570693969726562
8402
0.0035409927368164062
9374
0.0036280155181884766
10346
0.0037229061126708984
11865
0.003957986831665039
13384
0.00407099723815918
14903
0.004235982894897461
15875
0.004378080368041992
17394
0.0045261383056640625
18913
0.0045969486236572266
20010
0.00793004035949707
20009
0.008069992065429688
0
973
0.002680063247680664
1945
0.002783060073852539
2917
0.0030050277709960938
4014
0.0031061172485351562
5111
0.0031871795654296875
6208
0.003278970718383789
7727
0.0034570693969726562
8699
0.0035109519958496094
9796
0.0036640167236328125
10768
0.003762960433959961
12287
0.003837108612060547
13384
0.0039670467376708984
14356
0.004054069519042969
15875
0.004282951354980469
17394
0.004479169845581055
18913
0.004580974578857422
20010
0.007734060287475586
20009
0.007848978042602539
0
973
0.0026099681854248047
1945
0.0027458667755126953
3042
0.0029039382934570312
4014
0.002995014190673828
5111
0.0031540393829345703
6083
0.0032351016998291016
7180
0.003331899642944336
8277
0.00341796875
9249
0.0035669803619384766
10346
0.0036449432373046875
11865
0.0037689208984375
12837
0.003923892974853516
14356
0.0040760040283203125
15875
0.004256010055541992
17394
0.00445103645324707
18913
0.004522085189819336
20010
0.007765054702758789
20009
0.007903099060058594
0
973
0.0027048587799072266
2070
0.0028269290924072266
3042
0.0029039382934570312
4139
0.0030808448791503906
5111
0.0031778812408447266
6083
0.0032579898834228516
7180
0.003342866897583008
8277
0.003525972366333008
9796
0.0036149024963378906
11315
0.0036928653717041016
12412
0.0038619041442871094
13384
0.003958940505981445
14356
0.004113912582397461
15875
0.004230976104736328
17394
0.004406929016113281
18913
0.004499912261962891
20010
0.008152961730957031
20009
0.008291006088256836
0
973
0.002637147903442383
1945
0.002772092819213867
3042
0.002936124801635742
4139
0.003055095672607422
5111
0.0031280517578125
6083
0.003287076950073242
7602
0.0033941268920898438
8699
0.00347900390625
9796
0.0036220550537109375
10893
0.0037450790405273438
11865
0.0038840770721435547
13384
0.003994941711425781
14356
0.004141092300415039
15875
0.004248142242431641
17394
0.004425048828125
18913
0.004559040069580078
20010
0.007697105407714844
20009
0.007812023162841797
0
973
0.0026090145111083984
1945
0.0028829574584960938
3042
0.0029821395874023438
4139
0.0030629634857177734
5236
0.0031261444091796875
6208
0.003206968307495117
7180
0.003381967544555664
8152
0.0034589767456054688
9249
0.0035181045532226562
10346
0.003625154495239258
11865
0.003823995590209961
12837
0.003940105438232422
14356
0.0040819644927978516
15875
0.004204988479614258
17394
0.004385948181152344
18913
0.004516124725341797
20010
0.007953166961669922
20009
0.008068084716796875
0
973
0.002537965774536133
1945
0.0027151107788085938
3042
0.0028519630432128906
4561
0.003092050552368164
5533
0.003175020217895508
6630
0.003242015838623047
7602
0.0033059120178222656
8699
0.0034780502319335938
9796
0.003557920455932617
10893
0.0036818981170654297
11865
0.0038061141967773438
13384
0.0039920806884765625
14903
0.004077911376953125
16422
0.0042209625244140625
17941
0.00439906120300293
18913
0.004503965377807617
20010
0.007951974868774414
20009
0.008076906204223633
0
973
0.0026700496673583984
2070
0.0029151439666748047
3167
0.0030040740966796875
4139
0.0030739307403564453
5236
0.003309011459350586
6208
0.003401041030883789
7180
0.003484964370727539
8277
0.003637075424194336
9249
0.0037109851837158203
10768
0.0038039684295654297
12287
0.003993988037109375
13806
0.004097938537597656
15325
0.004289150238037109
16422
0.00442194938659668
17394
0.004527091979980469
18913
0.004645109176635742
20010
0.008701086044311523
20009
0.008842945098876953
0
973
0.002593994140625
1945
0.002769947052001953
3042
0.0030028820037841797
4014
0.0031108856201171875
5111
0.0031960010528564453
6208
0.0032689571380615234
7180
0.0033791065216064453
8277
0.0035560131072998047
9796
0.003648996353149414
10893
0.0038270950317382812
12412
0.003957033157348633
13931
0.004041910171508789
14903
0.004209041595458984
16422
0.0043239593505859375
17394
0.004425048828125
18913
0.004533052444458008
20010
0.007868051528930664
20009
0.008007049560546875
0
1098
0.0028579235076904297
2195
0.002969026565551758
3167
0.003062009811401367
4139
0.0031659603118896484
5111
0.0032439231872558594
6083
0.003461122512817383
7055
0.003570079803466797
8574
0.003656148910522461
9671
0.0037500858306884766
11190
0.0039789676666259766
12287
0.004073143005371094
13806
0.00416111946105957
14903
0.004346132278442383
16422
0.0044591426849365234
17394
0.004558086395263672
18913
0.004703998565673828
20010
0.007915973663330078
20009
0.008053064346313477
0
973
0.0025641918182373047
1945
0.002869129180908203
3042
0.002952098846435547
4139
0.0030531883239746094
5236
0.0031070709228515625
6208
0.0032150745391845703
7305
0.003442049026489258
8277
0.003528118133544922
9249
0.003667116165161133
10768
0.003779172897338867
12287
0.0039250850677490234
13384
0.004060983657836914
14903
0.0041620731353759766
15875
0.004352092742919922
17394
0.004485130310058594
18913
0.004595041275024414
20010
0.007965087890625
20009
0.008103132247924805
0
973
0.002828836441040039
2070
0.0029358863830566406
3042
0.0030100345611572266
4014
0.003195047378540039
5111
0.0032689571380615234
6208
0.0033638477325439453
7305
0.003476858139038086
8277
0.0036258697509765625
9249
0.003721952438354492
10768
0.003821849822998047
12287
0.004005908966064453
13384
0.00409698486328125
14903
0.004287004470825195
15875
0.004457950592041016
17394
0.004590034484863281
18913
0.004693031311035156
20010
0.007935047149658203
20009
0.008069038391113281
0
973
0.0026960372924804688
1945
0.0028219223022460938
3042
0.0030138492584228516
4014
0.0031168460845947266
4986
0.003203868865966797
6083
0.003268003463745117
7180
0.003448009490966797
8277
0.003538846969604492
9249
0.0036928653717041016
10768
0.0038018226623535156
12287
0.003921031951904297
13384
0.004065036773681641
14903
0.004168987274169922
15875
0.004319906234741211
17394
0.004467964172363281
18913
0.004581928253173828
20010
0.007822990417480469
20009
0.007961034774780273
0
973
0.0027518272399902344
1945
0.002852916717529297
2917
0.003022909164428711
4014
0.0031239986419677734
5111
0.0032210350036621094
6208
0.003289937973022461
7180
0.003422975540161133
8277
0.0035049915313720703
9374
0.0036399364471435547
10346
0.0037348270416259766
11865
0.0038640499114990234
13384
0.0040090084075927734
14903
0.004108905792236328
15875
0.004255056381225586
17394
0.004431009292602539
18913
0.004562854766845703
20010
0.007812023162841797
20009
0.007928848266601562
0
973
0.0025298595428466797
1945
0.0027408599853515625
2917
0.002931833267211914
4014
0.0030329227447509766
5111
0.003103017807006836
6208
0.0031828880310058594
7305
0.003276824951171875
8277
0.0034389495849609375
9249
0.003571033477783203
10768
0.003683805465698242
12287
0.0038008689880371094
13384
0.003894805908203125
14903
0.004019975662231445
16422
0.004194974899291992
17394
0.004359006881713867
18913
0.00450587272644043
20010
0.007910966873168945
20009
0.008029937744140625
0
973
0.0026760101318359375
2070
0.002825021743774414
3167
0.0030298233032226562
4139
0.0031118392944335938
5111
0.003222942352294922
6208
0.003278970718383789
7305
0.0034379959106445312
8277
0.003509998321533203
9249
0.003587961196899414
10768
0.003754854202270508
11740
0.003883838653564453
13259
0.003987789154052734
14356
0.004124879837036133
15875
0.004257917404174805
17394
0.004446983337402344
18913
0.004581928253173828
20010
0.007706880569458008
20009
0.007820844650268555
0
973
0.0025420188903808594
1945
0.002727985382080078
3042
0.003010988235473633
4139
0.003092050552368164
5236
0.003206014633178711
6333
0.003275156021118164
7305
0.0033462047576904297
8277
0.0035130977630615234
9249
0.003620147705078125
10768
0.0037581920623779297
11865
0.003946065902709961
12837
0.004055023193359375
14356
0.004157066345214844
15875
0.004327058792114258
17394
0.0044651031494140625
18913
0.0046122074127197266
20010
0.007848978042602539
20009
0.007972002029418945
0
973
0.0025339126586914062
1945
0.002669811248779297
3042
0.0030088424682617188
4139
0.0030889511108398438
5236
0.003167867660522461
6208
0.003237009048461914
7180
0.0032889842987060547
8277
0.00347900390625
9374
0.0035657882690429688
10346
0.0036478042602539062
11865
0.003846883773803711
13384
0.00397491455078125
14903
0.004068851470947266
16422
0.004253864288330078
17941
0.0043849945068359375
18913
0.0058498382568359375
20010
0.007802009582519531
20009
0.007938861846923828
0
973
0.0029799938201904297
2070
0.0030739307403564453
3167
0.0031719207763671875
4264
0.003267049789428711
5236
0.003339052200317383
6333
0.0035181045532226562
7305
0.0036110877990722656
8277
0.003673076629638672
9796
0.0038270950317382812
11315
0.003915071487426758
12287
0.003993988037109375
13806
0.004091024398803711
14903
0.008109092712402344
16422
0.010450124740600586
17941
0.010638952255249023
18913
0.010900020599365234
20010
0.011749029159545898
20009
0.01187896728515625
0
973
0.0028228759765625
2070
0.0029020309448242188
3167
0.0029740333557128906
4139
0.0030198097229003906
5111
0.003137826919555664
6083
0.0031888484954833984
7180
0.003325939178466797
8699
0.003407001495361328
9796
0.0035758018493652344
11315
0.0036759376525878906
12834
0.003885984420776367
13806
0.0039768218994140625
14778
0.004042863845825195
15875
0.004158973693847656
17394
0.004634857177734375
18913
0.0047419071197509766
20010
0.008204936981201172
20009
0.008322000503540039
0
973
0.0026628971099853516
1945
0.0028018951416015625
3042
0.0028748512268066406
4139
0.002925872802734375
5236
0.003062009811401367
6208
0.0031168460845947266
7727
0.0031778812408447266
8824
0.003283977508544922
9796
0.003340005874633789
10768
0.0035338401794433594
12287
0.0036170482635498047
13806
0.003823995590209961
14903
0.00786900520324707
16422
0.010930061340332031
17941
0.011076927185058594
18913
0.01140284538269043
20010
0.012284040451049805
20009
0.01240086555480957
0
973
0.00261688232421875
1945
0.0027658939361572266
3042
0.0028400421142578125
4014
0.003000020980834961
5111
0.0030739307403564453
6208
0.0031280517578125
7180
0.0032389163970947266
8277
0.0032999515533447266
9249
0.003376007080078125
10768
0.0034949779510498047
12287
0.003743886947631836
13806
0.0038399696350097656
14903
0.00394892692565918
15875
0.0041408538818359375
17394
0.004400014877319336
18913
0.00455784797668457
20010
0.007889986038208008
20009
0.008012056350708008
0
973
0.002763986587524414
2070
0.0028548240661621094
3042
0.0030069351196289062
4139
0.0030698776245117188
5236
0.0031180381774902344
6333
0.003175973892211914
7305
0.0032880306243896484
8277
0.0033750534057617188
9249
0.0034589767456054688
10768
0.003538846969604492
12287
0.0036530494689941406
13806
0.0038700103759765625
15325
0.004667997360229492
16844
0.0047910213470458984
17816
0.005005836486816406
18913
0.0059299468994140625
20010
0.008075952529907227
20009
0.008188009262084961
0
973
0.002789020538330078
1945
0.002892017364501953
3042
0.003077983856201172
4139
0.003153085708618164
5236
0.0032029151916503906
6333
0.0032570362091064453
7305
0.003306865692138672
8277
0.0034248828887939453
9249
0.0034990310668945312
10768
0.0035920143127441406
11740
0.003860950469970703
13259
0.003957033157348633
14356
0.004021883010864258
15875
0.004318952560424805
17394
0.004452943801879883
18913
0.004553079605102539
20010
0.008008956909179688
20009
0.008157014846801758
0
973
0.002605915069580078
1945
0.002713918685913086
3042
0.002866983413696289
4014
0.002941131591796875
5111
0.0030090808868408203
6208
0.0031299591064453125
7305
0.0031900405883789062
8277
0.003245115280151367
9249
0.0033719539642333984
10768
0.0034720897674560547
12287
0.0037050247192382812
13384
0.0038480758666992188
14903
0.003930091857910156
16422
0.004236936569213867
17394
0.004351139068603516
18913
0.0044820308685302734
20010
0.007790088653564453
20009
0.007904052734375
0
973
0.0027670860290527344
2070
0.002841949462890625
3167
0.0029959678649902344
4264
0.0030601024627685547
5236
0.0031061172485351562
6208
0.0032091140747070312
7305
0.0032601356506347656
8277
0.0033380985260009766
9796
0.003523111343383789
10768
0.0036020278930664062
12287
0.0037360191345214844
13259
0.003931999206542969
14778
0.0040171146392822266
16297
0.004279136657714844
17394
0.004397153854370117
18913
0.004522085189819336
20010
0.007688999176025391
20009
0.007822036743164062
0
973
0.0025420188903808594
1945
0.002724885940551758
3042
0.002804994583129883
4139
0.002930879592895508
5236
0.003000974655151367
6333
0.0030488967895507812
7305
0.003101825714111328
8277
0.0031998157501220703
9249
0.003289937973022461
10768
0.0034589767456054688
11740
0.0036809444427490234
13259
0.003762960433959961
14356
0.0038428306579589844
15875
0.004144906997680664
17394
0.004266977310180664
18913
0.004434823989868164
20010
0.00795292854309082
20009
0.0080718994140625
0
973
0.0025801658630371094
2070
0.002724170684814453
3042
0.0028281211853027344
4139
0.00298309326171875
5236
0.0030341148376464844
6333
0.0030870437622070312
7305
0.0031349658966064453
8277
0.003247976303100586
9249
0.0033540725708007812
10768
0.003444194793701172
12287
0.003820180892944336
13806
0.0039060115814208984
15325
0.003998994827270508
16844
0.004168987274169922
17816
0.004355192184448242
18913
0.004453182220458984
20010
0.00770115852355957
20009
0.00782918930053711
0
973
0.002624034881591797
1945
0.0027360916137695312
3042
0.002978086471557617
4139
0.003032207489013672
5236
0.0030951499938964844
6333
0.003142118453979492
7305
0.0031960010528564453
8277
0.0033111572265625
9249
0.003371000289916992
10768
0.0036160945892333984
11740
0.003699064254760742
13259
0.0037670135498046875
14356
0.0038909912109375
15875
0.0041010379791259766
17394
0.004250049591064453
18913
0.0044591426849365234
20010
0.007841110229492188
20009
0.007953166961669922
0
973
0.0028498172760009766
2070
0.002930879592895508
3167
0.002998828887939453
4264
0.0030579566955566406
5236
0.0031058788299560547
6208
0.003229856491088867
7180
0.0032808780670166016
8277
0.0033409595489501953
9796
0.003473997116088867
10768
0.003532886505126953
12287
0.0036449432373046875
13806
0.003999948501586914
14903
0.00780797004699707
16422
0.008231878280639648
17941
0.008427858352661133
18913
0.008560895919799805
20010
0.009702920913696289
20009
0.009833812713623047
0
973
0.0026280879974365234
1945
0.0027451515197753906
2917
0.002899169921875
4014
0.002959012985229492
5111
0.0030231475830078125
6208
0.0030951499938964844
7305
0.0032241344451904297
8277
0.003278017044067383
9249
0.0033349990844726562
10221
0.003614187240600586
11740
0.003699064254760742
13259
0.0038051605224609375
14356
0.004043102264404297
15875
0.004350185394287109
17394
0.004466056823730469
18913
0.004597187042236328
20010
0.007836103439331055
20009
0.007963180541992188
0
973
0.002611875534057617
1945
0.0027179718017578125
3042
0.0028188228607177734
4139
0.002975940704345703
5236
0.0030379295349121094
6333
0.0030939579010009766
7305
0.0031418800354003906
8277
0.0032639503479003906
9249
0.003343820571899414
10768
0.0035109519958496094
11740
0.003737926483154297
13259
0.003818988800048828
14356
0.003906965255737305
15875
0.0042438507080078125
17394
0.004339933395385742
18913
0.004488945007324219
20010
0.008020877838134766
20009
0.008154869079589844
0
973
0.0026121139526367188
2070
0.0027611255645751953
3042
0.002833127975463867
4139
0.0029320716857910156
5236
0.0030679702758789062
6208
0.0031180381774902344
7180
0.0031709671020507812
8152
0.003316164016723633
9671
0.00345611572265625
11190
0.003589153289794922
12287
0.0036649703979492188
13259
0.003849029541015625
14356
0.003931999206542969
15875
0.004099130630493164
17394
0.004282951354980469
18913
0.004450082778930664
20010
0.00786900520324707
20009
0.007989168167114258
0
973
0.0026259422302246094
2070
0.002780914306640625
3167
0.0028510093688964844
4139
0.0029039382934570312
5236
0.003017902374267578
6333
0.0030698776245117188
7305
0.0031778812408447266
8824
0.0032749176025390625
10343
0.0034699440002441406
11315
0.0035588741302490234
12412
0.003640890121459961
13931
0.0039310455322265625
15450
0.004040956497192383
16969
0.004199981689453125
18066
0.007767915725708008
19038
0.015019893646240234
20010
0.015271902084350586
20009
0.01538991928100586
0
973
0.0026769638061523438
2070
0.0027849674224853516
3042
0.002933025360107422
4014
0.003192901611328125
5111
0.0032758712768554688
6208
0.003329038619995117
7305
0.0033910274505615234
8402
0.003515958786010742
9374
0.0035719871520996094
10346
0.003628969192504883
11865
0.003854036331176758
13384
0.003958940505981445
14903
0.004041910171508789
15875
0.004253864288330078
17394
0.00439000129699707
18913
0.004528999328613281
20010
0.0077059268951416016
20009
0.007824897766113281
0
973
0.002688884735107422
1945
0.0028879642486572266
3042
0.0029518604278564453
4139
0.003022909164428711
5236
0.0030748844146728516
6208
0.003131866455078125
7305
0.0032889842987060547
8277
0.003348827362060547
9249
0.003434896469116211
10768
0.0036389827728271484
12287
0.0038709640502929688
13806
0.003997802734375
14903
0.0040628910064697266
15875
0.0042150020599365234
17394
0.004396915435791016
18913
0.004530906677246094
20010
0.007905006408691406
20009
0.008023977279663086
0
973
0.0026421546936035156
1945
0.0027790069580078125
2917
0.002849102020263672
4014
0.0030040740966796875
5111
0.0030541419982910156
6208
0.003111124038696289
7305
0.0031991004943847656
8277
0.0032491683959960938
9796
0.0034830570220947266
11315
0.0036051273345947266
12834
0.003740072250366211
13931
0.003905057907104492
14903
0.003968000411987305
15875
0.00421905517578125
17394
0.0043370723724365234
18913
0.004466056823730469
20010
0.007707118988037109
20009
0.007843017578125
0
973
0.0026161670684814453
2070
0.0028159618377685547
3167
0.0028829574584960938
4264
0.002946138381958008
5236
0.0029900074005126953
6208
0.003047943115234375
7305
0.0031671524047851562
8277
0.0032639503479003906
9796
0.0035619735717773438
11315
0.00362396240234375
12834
0.003776073455810547
13806
0.003879070281982422
14903
0.0040700435638427734
15875
0.004167079925537109
17394
0.004289150238037109
18913
0.004498958587646484
20010
0.007837057113647461
20009
0.007951974868774414
0
973
0.0025980472564697266
1945
0.0027191638946533203
3042
0.0028150081634521484
4139
0.0029120445251464844
5111
0.0029761791229248047
6083
0.0031020641326904297
7602
0.0031671524047851562
8699
0.003225088119506836
9671
0.0034570693969726562
10768
0.0035610198974609375
12287
0.003620147705078125
13806
0.003951072692871094
15325
0.004063129425048828
16422
0.004173994064331055
17394
0.0042760372161865234
18913
0.004395961761474609
20010
0.007771015167236328
20009
0.007889032363891602
0
973
0.002599954605102539
1945
0.002705097198486328
3042
0.0028159618377685547
4139
0.002977132797241211
5236
0.0030291080474853516
6208
0.0030829906463623047
7305
0.003186941146850586
8277
0.003242015838623047
9249
0.0033359527587890625
10768
0.0036089420318603516
12287
0.003695964813232422
13259
0.003762960433959961
14356
0.0039370059967041016
15875
0.004119157791137695
17394
0.0042650699615478516
18913
0.004450082778930664
20010
0.007704973220825195
20009
0.007818937301635742
0
973
0.002933979034423828
2070
0.003020048141479492
3167
0.0030889511108398438
4139
0.0031371116638183594
5111
0.003292083740234375
6083
0.0033440589904785156
7180
0.003401041030883789
8277
0.0034589767456054688
9249
0.0035619735717773438
10768
0.0036771297454833984
11865
0.0037779808044433594
12837
0.003840923309326172
14356
0.004023075103759766
15875
0.0041179656982421875
17394
0.004305124282836914
18913
0.004533052444458008
20010
0.007921934127807617
20009
0.00804591178894043
0
973
0.0026159286499023438
1945
0.002727031707763672
3042
0.0028650760650634766
4139
0.0029358863830566406
5111
0.0029840469360351562
6208
0.003094911575317383
7180
0.0031480789184570312
8699
0.003400087356567383
10218
0.003565073013305664
11190
0.003631114959716797
12162
0.003712892532348633
13259
0.0037860870361328125
14778
0.003932952880859375
16297
0.0041429996490478516
17816
0.00439906120300293
18913
0.007714986801147461
20010
0.254518985748291
20009
0.2547159194946289
0
973
0.0025551319122314453
1945
0.002687215805053711
3042
0.0027561187744140625
4139
0.0029311180114746094
5236
0.002995014190673828
6208
0.003041982650756836
7180
0.003094196319580078
8277
0.0031859874725341797
9249
0.003317117691040039
10768
0.0035669803619384766
12287
0.0036551952362060547
13259
0.003720998764038086
14778
0.003988981246948242
16297
0.004081010818481445
17816
0.00428318977355957
18913
0.0077931880950927734
20010
0.6399800777435303
20009
0.6401650905609131
0
973
0.002701997756958008
1945
0.0028438568115234375
3042
0.0029129981994628906
4014
0.0029668807983398438
5111
0.0030939579010009766
6208
0.003144979476928711
7305
0.003206014633178711
8277
0.003329038619995117
9249
0.003398895263671875
10346
0.0035009384155273438
11318
0.0037589073181152344
12837
0.003885984420776367
14356
0.0039789676666259766
15875
0.004251003265380859
17394
0.004372835159301758
18913
0.004549980163574219
20010
0.007742881774902344
20009
0.007855892181396484
0
973
0.0026979446411132812
1945
0.002785921096801758
3042
0.002964019775390625
4014
0.003019094467163086
5111
0.0030829906463623047
6208
0.003133058547973633
7305
0.003222942352294922
8277
0.0032830238342285156
9374
0.0035610198974609375
10893
0.003679990768432617
12412
0.003740072250366211
13384
0.0040590763092041016
14903
0.004142045974731445
16422
0.004235029220581055
17941
0.00446009635925293
18913
0.004583120346069336
20010
0.007911920547485352
20009
0.008034944534301758
0
973
0.0026149749755859375
1945
0.0028760433197021484
3042
0.0029540061950683594
4139
0.003017902374267578
5111
0.0031468868255615234
6208
0.0032029151916503906
7305
0.003253936767578125
8402
0.003345966339111328
9374
0.0033979415893554688
10893
0.003640890121459961
11865
0.003773927688598633
13384
0.0038590431213378906
14903
0.004138946533203125
16422
0.0042269229888916016
17394
0.0044708251953125
18913
0.004606008529663086
20010
0.007848024368286133
20009
0.00796198844909668
0
973
0.002913951873779297
2070
0.003122091293334961
3167
0.0031960010528564453
4264
0.003262042999267578
5236
0.003309965133666992
6208
0.003362894058227539
7305
0.0034720897674560547
8402
0.0035228729248046875
9374
0.0036020278930664062
10346
0.0036590099334716797
11865
0.004052877426147461
13384
0.004138946533203125
14903
0.004204988479614258
16422
0.004455089569091797
17941
0.00457000732421875
18913
0.004664897918701172
20010
0.007848024368286133
20009
0.007983922958374023
0
973
0.0026259422302246094
1945
0.002767801284790039
3042
0.0028488636016845703
4014
0.002900838851928711
5111
0.003031015396118164
6083
0.0030820369720458984
7180
0.003136873245239258
8277
0.003248929977416992
9796
0.0033979415893554688
10768
0.003513813018798828
12287
0.0036318302154541016
13384
0.0038568973541259766
14903
0.004005908966064453
16422
0.004192829132080078
17394
0.004320859909057617
18913
0.004508018493652344
20010
0.00786280632019043
20009
0.007982015609741211
0
973
0.002588987350463867
1945
0.002810955047607422
2917
0.0028901100158691406
4014
0.0029439926147460938
5111
0.003077983856201172
6208
0.0031280517578125
7305
0.003181934356689453
8277
0.003275156021118164
9796
0.003587007522583008
11315
0.003771066665649414
12834
0.003857135772705078
13806
0.003939151763916016
14903
0.004027128219604492
15875
0.004124164581298828
17394
0.004287004470825195
18913
0.004487037658691406
20010
0.007771015167236328
20009
0.007884979248046875
0
973
0.002579927444458008
1945
0.0027971267700195312
2917
0.00286102294921875
4014
0.0029289722442626953
5111
0.002978086471557617
6083
0.0030760765075683594
7180
0.0031480789184570312
8152
0.0032320022583007812
9249
0.0034520626068115234
10221
0.003545045852661133
11740
0.0036420822143554688
13259
0.0037779808044433594
14356
0.00397801399230957
15875
0.004060029983520508
17394
0.0043909549713134766
18913
0.004518985748291016
20010
0.00774693489074707
20009
0.007858037948608398
0
973
0.002588987350463867
2070
0.002688884735107422
3042
0.002852916717529297
4014
0.0029060840606689453
5111
0.002974987030029297
6208
0.003022909164428711
7305
0.0031280517578125
8277
0.00323486328125
9249
0.0033359527587890625
10768
0.0034379959106445312
11865
0.003676891326904297
13384
0.0037589073181152344
14356
0.003958940505981445
15875
0.004041910171508789
17394
0.0042459964752197266
18913
0.004453897476196289
20010
0.0077059268951416016
20009
0.007822036743164062
0
973
0.0025949478149414062
2070
0.00279998779296875
3042
0.002869844436645508
4014
0.002919912338256836
5111
0.0029828548431396484
6208
0.0031049251556396484
7180
0.0031609535217285156
8699
0.0032739639282226562
9671
0.003371000289916992
11190
0.0036089420318603516
12287
0.003682851791381836
13806
0.003846883773803711
15325
0.004051923751831055
16297
0.004169940948486328
17816
0.004315853118896484
18913
0.008002042770385742
20010
0.21773004531860352
20009
0.21792006492614746
0
973
0.0027031898498535156
1945
0.002783060073852539
3042
0.002955198287963867
4139
0.003007173538208008
5236
0.003075122833251953
6333
0.003123044967651367
7305
0.003220081329345703
8277
0.0032701492309570312
9249
0.0034461021423339844
10768
0.0035500526428222656
12287
0.003699064254760742
13806
0.0039021968841552734
14903
0.003985166549682617
16422
0.00430607795715332
17941
0.0044231414794921875
18913
0.004552125930786133
20010
0.007833003997802734
20009
0.007945060729980469
0
973
0.0026350021362304688
2070
0.002808094024658203
3167
0.0028769969940185547
4139
0.0029239654541015625
5111
0.0029981136322021484
6208
0.003111124038696289
7305
0.0031719207763671875
8277
0.003286123275756836
9374
0.0033409595489501953
10346
0.0034639835357666016
11318
0.0037500858306884766
12837
0.003879070281982422
14356
0.003940105438232422
15875
0.004216909408569336
17394
0.004338979721069336
18913
0.00448298454284668
20010
0.008116960525512695
20009
0.00823211669921875
0
973
0.002660989761352539
1945
0.0028700828552246094
3042
0.002941131591796875
4139
0.0029909610748291016
5236
0.0030541419982910156
6208
0.0031061172485351562
7180
0.0032379627227783203
8152
0.0033080577850341797
9249
0.0033919811248779297
10768
0.003495931625366211
11740
0.0038230419158935547
13259
0.003905057907104492
14778
0.003991127014160156
15875
0.0041599273681640625
17394
0.004396915435791016
18913
0.004524946212768555
20010
0.00786590576171875
20009
0.007977962493896484
0
973
0.002562999725341797
1945
0.0026900768280029297
3042
0.002785921096801758
4139
0.0029358863830566406
5236
0.002989053726196289
6333
0.003050088882446289
7305
0.0031130313873291016
8277
0.003228902816772461
9249
0.0032858848571777344
10346
0.0034279823303222656
11318
0.003526926040649414
12837
0.003710031509399414
14356
0.003865957260131836
15875
0.004087924957275391
17394
0.004209041595458984
18913
0.00482487678527832
20010
0.007838964462280273
20009
0.00797891616821289
0
973
0.002610921859741211
1945
0.002691984176635742
3042
0.0028579235076904297
4014
0.0029129981994628906
5111
0.0029768943786621094
6208
0.0030260086059570312
7180
0.003143787384033203
8277
0.003248929977416992
9796
0.003340005874633789
10768
0.0035829544067382812
12287
0.0036628246307373047
13384
0.0037508010864257812
14356
0.0038728713989257812
15875
0.004113912582397461
17394
0.00426483154296875
18913
0.004459857940673828
20010
0.007911920547485352
20009
0.008029937744140625
0
973
0.002646923065185547
1945
0.0027298927307128906
3042
0.0028870105743408203
4014
0.0029420852661132812
5111
0.003010988235473633
6208
0.0030629634857177734
7180
0.003175020217895508
8152
0.003351926803588867
9671
0.003570079803466797
10768
0.0037310123443603516
11740
0.0037908554077148438
13259
0.0038580894470214844
14356
0.003961086273193359
15875
0.0041620731353759766
17394
0.004303932189941406
18913
0.004456043243408203
20010
0.007905006408691406
20009
0.008032083511352539
0
973
0.0025870800018310547
1945
0.002721071243286133
3042
0.0027990341186523438
4014
0.0029458999633789062
5111
0.003014087677001953
6208
0.0030689239501953125
7305
0.0031630992889404297
8277
0.003222942352294922
9374
0.003319978713989258
10346
0.003498077392578125
11865
0.003582000732421875
13384
0.003773927688598633
14903
0.0039539337158203125
16422
0.004141092300415039
17394
0.004266023635864258
18913
0.004426002502441406
20010
0.007608890533447266
20009
0.007726907730102539
0
973
0.002577066421508789
1945
0.0026869773864746094
3042
0.0028378963470458984
4139
0.002911090850830078
5236
0.003036022186279297
6333
0.0030930042266845703
7305
0.0031409263610839844
8402
0.0032439231872558594
9374
0.0032999515533447266
10346
0.0034170150756835938
11865
0.0037260055541992188
13384
0.0038030147552490234
14356
0.0038809776306152344
15875
0.0041620731353759766
17394
0.004282951354980469
18913
0.004415988922119141
20010
0.00780797004699707
20009
0.007941007614135742
0
973
0.0026721954345703125
1945
0.002763986587524414
2917
0.002928018569946289
4014
0.0029811859130859375
5111
0.0030431747436523438
6208
0.003091096878051758
7180
0.003220081329345703
8152
0.00327301025390625
9249
0.0033621788024902344
10768
0.003487110137939453
11740
0.003573179244995117
13259
0.0037801265716552734
14356
0.0041351318359375
15875
0.004220008850097656
17394
0.0043489933013916016
18913
0.004479169845581055
20010
0.007788181304931641
20009
0.007905006408691406
0
973
0.0026237964630126953
1945
0.0026929378509521484
3042
0.002785921096801758
4014
0.0029528141021728516
5111
0.0030188560485839844
6208
0.003065824508666992
7305
0.0031518936157226562
8277
0.003223896026611328
9249
0.0034029483795166016
10768
0.003520965576171875
12287
0.0037069320678710938
13384
0.0039119720458984375
14903
0.0039730072021484375
16422
0.0041658878326416016
17394
0.004283905029296875
18913
0.004445791244506836
20010
0.008797883987426758
20009
0.008912801742553711
0
973
0.002552032470703125
2070
0.0026769638061523438
3042
0.002743959426879883
4139
0.002891063690185547
5111
0.002966165542602539
6208
0.0030181407928466797
7305
0.0030770301818847656
8277
0.003175973892211914
9374
0.003280162811279297
10346
0.003371000289916992
11865
0.0036880970001220703
12837
0.0037870407104492188
14356
0.0038771629333496094
15875
0.0041811466217041016
17394
0.004282951354980469
18913
0.004426002502441406
20010
0.00808405876159668
20009
0.008202075958251953
0
973
0.0025801658630371094
1945
0.0027091503143310547
3042
0.002789020538330078
4139
0.0029370784759521484
5236
0.002988100051879883
6333
0.0030469894409179688
7305
0.0030961036682128906
8277
0.0032570362091064453
9796
0.0033600330352783203
10768
0.003448963165283203
11865
0.003715038299560547
13384
0.0038590431213378906
14903
0.0041811466217041016
16422
0.004281044006347656
17394
0.004424095153808594
18913
0.00448918342590332
20010
0.007851123809814453
20009
0.00798797607421875
0
973
0.0026619434356689453
1945
0.002744913101196289
3042
0.002964019775390625
4139
0.003016948699951172
5236
0.003164052963256836
6333
0.0032198429107666016
7305
0.0032749176025390625
8277
0.003370046615600586
9249
0.003429889678955078
10346
0.0035250186920166016
11865
0.0039179325103759766
13384
0.004004955291748047
14903
0.0040988922119140625
15875
0.004189968109130859
17394
0.004315853118896484
18913
0.004472017288208008
20010
0.008085012435913086
20009
0.008198022842407227
0
973
0.002644062042236328
2070
0.002830028533935547
3167
0.0029001235961914062
4139
0.0029489994049072266
5111
0.003017902374267578
6208
0.0031359195709228516
7305
0.003200054168701172
8277
0.0032820701599121094
9249
0.0033600330352783203
10768
0.003498077392578125
12287
0.003798961639404297
13384
0.0038909912109375
14356
0.004054069519042969
15875
0.004197120666503906
17394
0.00432896614074707
18913
0.004498004913330078
20010
0.007615089416503906
20009
0.007734060287475586
0
973
0.002624988555908203
1945
0.002763986587524414
3042
0.002839803695678711
4139
0.002969980239868164
5236
0.003039836883544922
6208
0.0030889511108398438
7305
0.0031938552856445312
8277
0.003259897232055664
9249
0.0033550262451171875
10768
0.0034890174865722656
12287
0.0038568973541259766
13384
0.0039370059967041016
14903
0.004017829895019531
15875
0.004216909408569336
17394
0.004356861114501953
18913
0.0045130252838134766
20010
0.007972002029418945
20009
0.008082866668701172
0
973
0.0025670528411865234
1945
0.002688169479370117
3042
0.0027561187744140625
4139
0.0028541088104248047
5111
0.003000020980834961
6208
0.0030889511108398438
7305
0.003142118453979492
8277
0.003195047378540039
9249
0.003309011459350586
10768
0.0036211013793945312
12287
0.0037050247192382812
13806
0.003802061080932617
14903
0.0038809776306152344
15875
0.004127979278564453
17394
0.004243135452270508
18913
0.00439000129699707
20010
0.007966041564941406
20009
0.008095979690551758
0
973
0.002651214599609375
1945
0.0027740001678466797
2917
0.0028760433197021484
4014
0.0029430389404296875
4986
0.0030832290649414062
6083
0.0031402111053466797
7180
0.0032100677490234375
8277
0.003287076950073242
9796
0.0034821033477783203
11315
0.003740072250366211
12834
0.0038301944732666016
13806
0.003898143768310547
14903
0.00404810905456543
15875
0.004113197326660156
17394
0.004364013671875
18913
0.00448918342590332
20010
0.008093118667602539
20009
0.008207082748413086
0
973
0.0025539398193359375
1945
0.0028929710388183594
3042
0.002961874008178711
4139
0.0030260086059570312
5236
0.003072977066040039
6208
0.003126859664916992
7180
0.003229856491088867
8152
0.003301858901977539
9671
0.0034079551696777344
10768
0.0035920143127441406
12287
0.0036950111389160156
13384
0.003919839859008789
14903
0.00400090217590332
15875
0.0041239261627197266
17394
0.004320859909057617
18913
0.004433870315551758
20010
0.007756948471069336
20009
0.007889986038208008
0
973
0.002538919448852539
1945
0.00286102294921875
3042
0.0029211044311523438
4139
0.0029680728912353516
5236
0.003031015396118164
6208
0.0031321048736572266
7727
0.003194093704223633
8824
0.003320932388305664
9796
0.0033769607543945312
11315
0.003609895706176758
12412
0.00368499755859375
13931
0.004015922546386719
14903
0.004077911376953125
16422
0.004190921783447266
17394
0.004307985305786133
18913
0.004483938217163086
20010
0.007591962814331055
20009
0.007707118988037109
0
973
0.002608060836791992
2070
0.0027549266815185547
3042
0.002824068069458008
4139
0.002974987030029297
5111
0.0030279159545898438
6083
0.0030829906463623047
7180
0.0032050609588623047
8699
0.003284931182861328
9796
0.003428936004638672
10768
0.003493070602416992
12287
0.0037069320678710938
13384
0.0037908554077148438
14356
0.003876924514770508
15875
0.004168033599853516
17394
0.004297018051147461
18913
0.004456043243408203
20010
0.0077838897705078125
20009
0.007901906967163086
0
973
0.00257110595703125
2070
0.002727031707763672
3042
0.0027990341186523438
4139
0.0029571056365966797
5236
0.0030260086059570312
6208
0.003080129623413086
7180
0.0032041072845458984
8277
0.0032601356506347656
9796
0.003359079360961914
10768
0.0034780502319335938
11865
0.0037109851837158203
13384
0.003796100616455078
14903
0.003980159759521484
16422
0.004297018051147461
17394
0.004401206970214844
18913
0.004533052444458008
20010
0.007714033126831055
20009
0.007834196090698242
0
973
0.002628803253173828
2070
0.0028150081634521484
3167
0.002889871597290039
4264
0.0029528141021728516
5236
0.0030019283294677734
6208
0.0031099319458007812
7305
0.0031659603118896484
8824
0.003270864486694336
9796
0.003381013870239258
10893
0.0034809112548828125
11865
0.0037178993225097656
13384
0.0037839412689208984
14903
0.003908872604370117
15875
0.004141807556152344
17394
0.004297971725463867
18913
0.004878997802734375
20010
0.007704019546508789
20009
0.007844924926757812
0
973
0.0026819705963134766
1945
0.0027599334716796875
3042
0.00292205810546875
4139
0.0029799938201904297
5236
0.0030519962310791016
6208
0.0031528472900390625
7305
0.0032410621643066406
8277
0.0032958984375
9796
0.003392934799194336
10768
0.0036559104919433594
11865
0.0037539005279541016
13384
0.0038208961486816406
14903
0.0040628910064697266
16422
0.0041539669036865234
17394
0.004296064376831055
18913
0.0045299530029296875
20010
0.007784843444824219
20009
0.007905006408691406
0
973
0.0026819705963134766
1945
0.0027561187744140625
3042
0.0029649734497070312
4139
0.0030350685119628906
5236
0.0030870437622070312
6333
0.003144979476928711
7305
0.003255128860473633
8277
0.0033130645751953125
9796
0.00339508056640625
10893
0.0036950111389160156
12412
0.003777027130126953
13931
0.003857135772705078
14903
0.0043070316314697266
16422
0.0044040679931640625
17394
0.004498004913330078
18913
0.004606962203979492
20010
0.007754087448120117
20009
0.007884025573730469
0
973
0.002562999725341797
1945
0.002686023712158203
3042
0.0027608871459960938
4139
0.002938985824584961
5236
0.003011941909790039
6208
0.0030608177185058594
7727
0.0031728744506835938
8824
0.0032379627227783203
9796
0.0033190250396728516
10893
0.0035119056701660156
12412
0.0036859512329101562
13931
0.0037729740142822266
14903
0.003929853439331055
15875
0.004016876220703125
17394
0.004235029220581055
18913
0.004427909851074219
20010
0.007711887359619141
20009
0.007826805114746094
0
973
0.0025720596313476562
2070
0.0026831626892089844
3167
0.002852201461791992
4264
0.002917051315307617
5236
0.002969980239868164
6208
0.0030241012573242188
7180
0.003123044967651367
8277
0.003348112106323242
9796
0.0034520626068115234
10893
0.003542184829711914
12412
0.003648996353149414
13384
0.003812074661254883
14903
0.003974199295043945
15875
0.004154205322265625
17394
0.0043680667877197266
18913
0.004464149475097656
20010
0.007783174514770508
20009
0.007925033569335938
0
973
0.0024890899658203125
2070
0.002646923065185547
3167
0.002814054489135742
4264
0.0028839111328125
5236
0.0029380321502685547
6208
0.002995014190673828
7305
0.0031099319458007812
8277
0.0031630992889404297
9796
0.0033979415893554688
11315
0.003484010696411133
12834
0.0036830902099609375
13931
0.0037679672241210938
14903
0.003863096237182617
16422
0.004142045974731445
17941
0.004275083541870117
18913
0.004436016082763672
20010
0.007697105407714844
20009
0.00783395767211914
0
1098
0.002688169479370117
2195
0.0028090476989746094
3292
0.0028951168060302734
4264
0.003014087677001953
5783
0.003078937530517578
6755
0.0031709671020507812
8274
0.0033380985260009766
9246
0.003400087356567383
10765
0.0035200119018554688
11737
0.003735065460205078
13256
0.0038230419158935547
14228
0.0039010047912597656
15200
0.004130125045776367
16719
0.004255056381225586
17816
0.00439000129699707
18913
0.004496097564697266
20010
0.009566068649291992
20009
0.009698152542114258
0
973
0.0026061534881591797
1945
0.002783060073852539
3464
0.002866029739379883
4561
0.002929210662841797
5658
0.0029900074005126953
6630
0.0031142234802246094
7727
0.0031821727752685547
8699
0.003242015838623047
9796
0.0034050941467285156
11315
0.0035200119018554688
12834
0.003712177276611328
13806
0.0038480758666992188
15325
0.00405120849609375
16297
0.004168033599853516
17816
0.0042819976806640625
18913
0.0044209957122802734
20010
0.007844209671020508
20009
0.007965087890625
0
973
0.002563953399658203
1945
0.0027260780334472656
3042
0.0028009414672851562
4139
0.0028650760650634766
5236
0.0029981136322021484
6333
0.003056049346923828
7305
0.0031061172485351562
8277
0.0032041072845458984
9374
0.003267049789428711
10346
0.0034220218658447266
11865
0.0037009716033935547
13384
0.0037810802459716797
14903
0.003926992416381836
16422
0.004099130630493164
17394
0.0044629573822021484
18913
0.00453495979309082
20010
0.007709026336669922
20009
0.007845163345336914
0
973
0.0025899410247802734
2070
0.0027561187744140625
3042
0.002833127975463867
4139
0.0029709339141845703
5111
0.0030400753021240234
6083
0.003091096878051758
7602
0.003203153610229492
8699
0.0032651424407958984
9796
0.003390073776245117
10768
0.003515958786010742
12287
0.0036270618438720703
13384
0.003759145736694336
14903
0.003951072692871094
16422
0.004261970520019531
17394
0.004361152648925781
18913
0.004505157470703125
20010
0.0076749324798583984
20009
0.007797956466674805
0
973
0.002582073211669922
2070
0.002722024917602539
3042
0.0027921199798583984
4139
0.0029380321502685547
5111
0.002988100051879883
6208
0.0030410289764404297
7180
0.0031270980834960938
8699
0.0031991004943847656
9796
0.003359079360961914
11315
0.0034520626068115234
12412
0.0037550926208496094
13931
0.003832101821899414
14903
0.0039119720458984375
15875
0.004133939743041992
17394
0.004255056381225586
18913
0.004392147064208984
20010
0.007519960403442383
20009
0.007658958435058594
0
973
0.002549886703491211
2070
0.0027658939361572266
3042
0.002981901168823242
4139
0.0030350685119628906
5111
0.0030999183654785156
6083
0.003145933151245117
7602
0.00321197509765625
8699
0.003309011459350586
9796
0.003412008285522461
11315
0.0035250186920166016
12412
0.003654003143310547
13931
0.003972053527832031
14903
0.004033088684082031
16422
0.0042629241943359375
17394
0.004369974136352539
18913
0.0045130252838134766
20010
0.007873058319091797
20009
0.007983922958374023
0
973
0.0026149749755859375
1945
0.0028138160705566406
3042
0.0028848648071289062
4139
0.002950906753540039
5111
0.0030069351196289062
6208
0.0031468868255615234
7305
0.003203868865966797
8402
0.0032668113708496094
9374
0.0033648014068603516
10346
0.003628969192504883
11865
0.003744840621948242
13384
0.0038340091705322266
14903
0.0039479732513427734
16422
0.00426483154296875
17394
0.004362821578979492
18913
0.0044689178466796875
20010
0.0077779293060302734
20009
0.007915973663330078
0
973
0.0025870800018310547
2070
0.002716064453125
3042
0.0027861595153808594
4139
0.0029850006103515625
5236
0.0030541419982910156
6208
0.00310516357421875
7305
0.0031931400299072266
8277
0.0032470226287841797
9249
0.0033922195434570312
10768
0.003509044647216797
12287
0.003710031509399414
13384
0.003840208053588867
14903
0.003923177719116211
15875
0.0043201446533203125
17394
0.004424095153808594
18913
0.004556179046630859
20010
0.00796198844909668
20009
0.00808405876159668
0
973
0.0025839805603027344
2070
0.0029230117797851562
3167
0.002995014190673828
4264
0.003056049346923828
5236
0.003103971481323242
6208
0.003159046173095703
7305
0.0032629966735839844
8277
0.003325939178466797
9796
0.0035810470581054688
10768
0.003673076629638672
12287
0.0037479400634765625
13384
0.0038840770721435547
14903
0.003976106643676758
15875
0.004336118698120117
17394
0.004436016082763672
18913
0.004542112350463867
20010
0.007770061492919922
20009
0.007910013198852539
0
973
0.0026178359985351562
2070
0.0027379989624023438
3042
0.00290679931640625
4139
0.002973794937133789
5236
0.003023862838745117
6208
0.003077983856201172
7180
0.0031969547271728516
8699
0.0032529830932617188
10218
0.0034439563751220703
11315
0.003592967987060547
12834
0.003721952438354492
13806
0.0038290023803710938
14903
0.0039179325103759766
15875
0.004127979278564453
17394
0.004277944564819336
18913
0.004436969757080078
20010
0.007658958435058594
20009
0.007802009582519531
0
973
0.002585172653198242
2070
0.0027730464935302734
3167
0.0028400421142578125
4139
0.0028870105743408203
5111
0.002953052520751953
6630
0.0030510425567626953
7727
0.0031151771545410156
8699
0.0031890869140625
9796
0.003381967544555664
10768
0.003473997116088867
12287
0.0036830902099609375
13384
0.003777027130126953
14903
0.0039501190185546875
16422
0.0041539669036865234
17394
0.004274129867553711
18913
0.004455089569091797
20010
0.008012056350708008
20009
0.008124113082885742
0
973
0.002521991729736328
2070
0.0026540756225585938
3042
0.0027229785919189453
4014
0.0028700828552246094
5533
0.002941131591796875
6630
0.0029900074005126953
7727
0.003091096878051758
8824
0.003153085708618164
9796
0.003303050994873047
10893
0.003392934799194336
12412
0.003651142120361328
13931
0.0037779808044433594
14903
0.003980159759521484
16422
0.0040929317474365234
17394
0.004220008850097656
18913
0.004369020462036133
20010
0.007710933685302734
20009
0.007845163345336914
0
973
0.0025930404663085938
2070
0.0026988983154296875
3042
0.002810955047607422
4139
0.0029709339141845703
5111
0.0030210018157958984
6083
0.003072023391723633
7180
0.0031418800354003906
8699
0.003248929977416992
10218
0.003484010696411133
11315
0.003573894500732422
12834
0.003648042678833008
13806
0.0038149356842041016
14903
0.0038988590240478516
15875
0.004088878631591797
17394
0.004231929779052734
18913
0.0044629573822021484
20010
0.007930994033813477
20009
0.008046865463256836
0
973
0.0025849342346191406
2070
0.0028929710388183594
3042
0.002956867218017578
4014
0.0030040740966796875
5111
0.003064870834350586
6208
0.0031108856201171875
7305
0.003220081329345703
8402
0.003278970718383789
9921
0.0034720897674560547
11440
0.0035538673400878906
12412
0.0038368701934814453
13931
0.003975868225097656
15450
0.004091024398803711
16422
0.004308938980102539
17941
0.004436016082763672
18913
0.005276918411254883
20010
0.007894039154052734
20009
0.008029937744140625
0
973
0.002710103988647461
1945
0.002794981002807617
3042
0.0028579235076904297
4561
0.0029990673065185547
5658
0.0030660629272460938
6630
0.003119945526123047
7727
0.0032269954681396484
8699
0.003278017044067383
9796
0.0033659934997558594
11315
0.0036339759826660156
12834
0.003715038299560547
13931
0.0039670467376708984
14903
0.004054069519042969
15875
0.00412297248840332
17394
0.0042841434478759766
18913
0.006442070007324219
20010
0.008003950119018555
20009
0.008121013641357422
