0
1178
0.003091096878051758
2355
0.003225088119506836
3532
0.0032889842987060547
4709
0.0033969879150390625
5886
0.0034520626068115234
7063
0.0035080909729003906
8240
0.0036139488220214844
9417
0.00368499755859375
10594
0.0038568973541259766
11771
0.0039560794830322266
12948
0.004319906234741211
14125
0.004673957824707031
15302
0.004765987396240234
16479
0.00486302375793457
17656
0.004925966262817383
18833
0.005028963088989258
20010
0.008948087692260742
20009
0.009077072143554688
0
1178
0.0026679039001464844
2355
0.0029070377349853516
3532
0.0029709339141845703
4709
0.0030879974365234375
5886
0.0031430721282958984
7063
0.0032091140747070312
8240
0.003384113311767578
9417
0.0034720897674560547
10594
0.003567934036254883
11771
0.003879070281982422
12948
0.003957033157348633
14125
0.0040149688720703125
15302
0.0041239261627197266
16479
0.00421595573425293
17656
0.004379987716674805
18833
0.004589080810546875
20010
0.008640050888061523
20009
0.00875401496887207
0
1178
0.002828836441040039
2355
0.003036022186279297
3532
0.003100872039794922
4709
0.0031528472900390625
5886
0.003384828567504883
7063
0.0034530162811279297
8240
0.0035049915313720703
9417
0.0035958290100097656
10594
0.003721952438354492
11771
0.0038099288940429688
12948
0.0038700103759765625
14125
0.004103899002075195
15302
0.004194021224975586
16479
0.004336833953857422
17656
0.004457950592041016
18833
0.004730939865112305
20010
0.00863790512084961
20009
0.00875091552734375
0
1178
0.002808094024658203
2355
0.002905130386352539
3532
0.003056049346923828
4709
0.0031120777130126953
5886
0.003165006637573242
7063
0.003261089324951172
8240
0.0034351348876953125
9417
0.0034949779510498047
10594
0.0036590099334716797
11771
0.003971099853515625
12948
0.0040531158447265625
14125
0.004113912582397461
15302
0.004233121871948242
16479
0.0043179988861083984
17656
0.004466056823730469
18833
0.004590034484863281
20010
0.008615970611572266
20009
0.00873112678527832
0
1178
0.002866029739379883
2355
0.0030460357666015625
3532
0.0031120777130126953
4709
0.003165006637573242
5886
0.0032720565795898438
7063
0.0033409595489501953
8240
0.003498077392578125
9417
0.0037288665771484375
10594
0.0037839412689208984
11771
0.003912925720214844
12948
0.003988027572631836
14125
0.004109859466552734
15302
0.004255056381225586
16479
0.004538059234619141
17656
0.004601955413818359
18833
0.004706859588623047
20010
0.00867605209350586
20009
0.008791923522949219
0
1178
0.002655029296875
2355
0.0028028488159179688
3532
0.0029549598693847656
4709
0.0030159950256347656
5886
0.003072023391723633
7063
0.003175020217895508
8240
0.003242969512939453
9417
0.003548860549926758
10594
0.0036280155181884766
11771
0.0040149688720703125
12948
0.004083871841430664
14125
0.00414586067199707
15302
0.004230022430419922
16479
0.004355907440185547
17656
0.004427909851074219
18833
0.0045468807220458984
20010
0.008590936660766602
20009
0.008713960647583008
0
1178
0.002727985382080078
2355
0.002919912338256836
3532
0.0029859542846679688
4709
0.0030410289764404297
5886
0.0030989646911621094
7063
0.0032150745391845703
8240
0.0032711029052734375
9417
0.0034699440002441406
10594
0.0037059783935546875
11771
0.003770112991333008
12948
0.0039141178131103516
14125
0.004007101058959961
15302
0.0040988922119140625
16479
0.004241943359375
17656
0.004378080368041992
18833
0.004499912261962891
20010
0.008649110794067383
20009
0.008765935897827148
0
1178
0.0028111934661865234
2355
0.0029850006103515625
3532
0.003069162368774414
4709
0.0031239986419677734
5886
0.0032291412353515625
7063
0.0032939910888671875
8240
0.0034401416778564453
9417
0.0035331249237060547
10594
0.003632068634033203
11771
0.00392913818359375
12948
0.004007101058959961
14125
0.004065990447998047
15302
0.0043370723724365234
16479
0.004418134689331055
17656
0.00452113151550293
18833
0.004645109176635742
20010
0.008505105972290039
20009
0.008623123168945312
0
1178
0.0028069019317626953
2355
0.002889871597290039
3532
0.003033876419067383
4709
0.00308990478515625
5886
0.0031440258026123047
7063
0.003253936767578125
8240
0.0034220218658447266
9417
0.003509044647216797
10594
0.0035810470581054688
11771
0.0038759708404541016
12948
0.003960847854614258
14125
0.0040509700775146484
15302
0.004158973693847656
16479
0.004330873489379883
17656
0.004484891891479492
18833
0.0045850276947021484
20010
0.008604049682617188
20009
0.008723974227905273
0
1178
0.002729177474975586
2355
0.0028700828552246094
3532
0.0030210018157958984
4709
0.003075122833251953
5886
0.0031251907348632812
7063
0.0032901763916015625
8240
0.0033431053161621094
9417
0.0034770965576171875
10594
0.003590106964111328
11771
0.003690958023071289
12948
0.003983974456787109
14125
0.004073143005371094
15302
0.004153013229370117
16479
0.004302978515625
17656
0.00439000129699707
18833
0.004523038864135742
20010
0.008835077285766602
20009
0.008949041366577148
0
1178
0.002772092819213867
2355
0.002959012985229492
3532
0.0030241012573242188
4709
0.0030791759490966797
5886
0.0031299591064453125
7063
0.0032460689544677734
8240
0.0033769607543945312
9417
0.003448963165283203
10594
0.0035359859466552734
11771
0.003865957260131836
12948
0.003973960876464844
14125
0.004060983657836914
15302
0.0041811466217041016
16479
0.004304170608520508
17656
0.0044040679931640625
18833
0.004557132720947266
20010
0.008622169494628906
20009
0.008738040924072266
0
1178
0.0027480125427246094
2355
0.0028998851776123047
3532
0.0030319690704345703
4709
0.003086090087890625
5886
0.003139972686767578
7063
0.0032379627227783203
8240
0.003289937973022461
9417
0.0035200119018554688
10594
0.0036149024963378906
11771
0.003715038299560547
12948
0.003951072692871094
14125
0.0040740966796875
15302
0.00415492057800293
16479
0.004239082336425781
17656
0.00444793701171875
18833
0.004564046859741211
20010
0.00846409797668457
20009
0.00857686996459961
0
1178
0.002782106399536133
2355
0.0029489994049072266
3532
0.003011941909790039
4709
0.0030930042266845703
5886
0.0031621456146240234
7063
0.0032510757446289062
8240
0.0033669471740722656
9417
0.003468036651611328
10594
0.003554105758666992
11771
0.0038170814514160156
12948
0.003906965255737305
14125
0.003993988037109375
15302
0.0041620731353759766
16479
0.0042760372161865234
17656
0.004467010498046875
18833
0.004557132720947266
20010
0.008694171905517578
20009
0.008806943893432617
0
1178
0.0030121803283691406
2355
0.0030951499938964844
3532
0.0031540393829345703
4709
0.0032050609588623047
5886
0.0033102035522460938
7063
0.0035610198974609375
8240
0.003612995147705078
9417
0.0037720203399658203
10594
0.003880023956298828
11771
0.003979206085205078
12948
0.0040950775146484375
14125
0.004155158996582031
15302
0.004281044006347656
16479
0.004393100738525391
17656
0.004561185836791992
18833
0.005967140197753906
20010
0.00861501693725586
20009
0.008727073669433594
0
1178
0.002856016159057617
2355
0.0030341148376464844
3532
0.003097057342529297
4709
0.0031499862670898438
5886
0.0032460689544677734
7063
0.0033130645751953125
8240
0.003470182418823242
9417
0.003584146499633789
10594
0.0036602020263671875
11771
0.003920078277587891
12948
0.003998994827270508
14125
0.004065036773681641
15302
0.004307985305786133
16479
0.004427194595336914
17656
0.004528999328613281
18833
0.004672050476074219
20010
0.008681058883666992
20009
0.008794069290161133
0
1178
0.002807140350341797
2355
0.002893209457397461
3532
0.0030221939086914062
4709
0.0030760765075683594
5886
0.003164052963256836
7063
0.0032541751861572266
8240
0.0035409927368164062
9417
0.0036001205444335938
10594
0.003674030303955078
11771
0.004060029983520508
12948
0.004119157791137695
14125
0.004176139831542969
15302
0.004281044006347656
16479
0.004391193389892578
17656
0.0045011043548583984
18833
0.004655122756958008
20010
0.008720159530639648
20009
0.008832216262817383
0
1178
0.0030698776245117188
2355
0.003167867660522461
3532
0.003231048583984375
4709
0.003284931182861328
5886
0.0033919811248779297
7063
0.0034859180450439453
8240
0.00356292724609375
9417
0.0036449432373046875
10594
0.0037260055541992188
11771
0.003952980041503906
12948
0.004072904586791992
14125
0.004142045974731445
15302
0.004287004470825195
16479
0.00448298454284668
17656
0.004581928253173828
18833
0.004739046096801758
20010
0.008564949035644531
20009
0.008684873580932617
0
1178
0.0027790069580078125
2355
0.0029821395874023438
3532
0.003047943115234375
4709
0.0031020641326904297
5886
0.0031549930572509766
7063
0.0032711029052734375
8240
0.0033500194549560547
9417
0.0034360885620117188
10594
0.003876924514770508
11771
0.003962993621826172
12948
0.004024028778076172
14125
0.004122018814086914
15302
0.004293918609619141
16479
0.00436091423034668
17656
0.004463911056518555
18833
0.004584074020385742
20010
0.008932113647460938
20009
0.009053945541381836
0
1178
0.002810955047607422
2355
0.002897977828979492
3532
0.003036975860595703
4709
0.0030939579010009766
5886
0.0031478404998779297
7063
0.003268003463745117
8240
0.0034818649291992188
9417
0.0037000179290771484
10594
0.0037589073181152344
11771
0.003905057907104492
12948
0.003988981246948242
14125
0.004128932952880859
15302
0.004222869873046875
16479
0.004370927810668945
17656
0.004456996917724609
18833
0.004580020904541016
20010
0.008620977401733398
20009
0.008743047714233398
0
1178
0.0028629302978515625
2355
0.0029468536376953125
3532
0.0030069351196289062
4709
0.0031280517578125
5886
0.0031800270080566406
7063
0.003264904022216797
8240
0.003339052200317383
9417
0.003568887710571289
10594
0.0036668777465820312
11771
0.003771066665649414
12948
0.003951072692871094
14125
0.0040090084075927734
15302
0.004293918609619141
16479
0.004356861114501953
17656
0.004518985748291016
18833
0.004631996154785156
20010
0.008913040161132812
20009
0.009027957916259766
0
1178
0.002908945083618164
2355
0.002991914749145508
3532
0.003052949905395508
4709
0.0031659603118896484
5886
0.0032219886779785156
7063
0.0032880306243896484
8240
0.0033829212188720703
9417
0.0035858154296875
10594
0.003660917282104492
11771
0.0038230419158935547
12948
0.004010915756225586
14125
0.004099845886230469
15302
0.004323005676269531
16479
0.0044519901275634766
17656
0.004554033279418945
18833
0.004645824432373047
20010
0.008467912673950195
20009
0.00857996940612793
0
1178
0.0028607845306396484
2355
0.0029439926147460938
3532
0.0030858516693115234
4709
0.003139972686767578
5886
0.003228902816772461
7063
0.003313779830932617
8240
0.003386974334716797
9417
0.0034608840942382812
10594
0.003793001174926758
11771
0.0038919448852539062
12948
0.00397491455078125
14125
0.0040819644927978516
15302
0.0042569637298583984
16479
0.004335880279541016
17656
0.004483938217163086
18833
0.004621982574462891
20010
0.008626937866210938
20009
0.00874185562133789
0
1178
0.0028939247131347656
2355
0.0029768943786621094
3532
0.0030388832092285156
4709
0.003161907196044922
5886
0.0032160282135009766
7063
0.003304004669189453
8240
0.0033919811248779297
9417
0.0035839080810546875
10594
0.0036809444427490234
11771
0.003762960433959961
12948
0.004045009613037109
14125
0.004112958908081055
15302
0.004380941390991211
16479
0.004476070404052734
17656
0.0045719146728515625
18833
0.004664897918701172
20010
0.008646011352539062
20009
0.008764028549194336
0
1178
0.002997159957885742
2355
0.0030820369720458984
3532
0.003142118453979492
4709
0.0031931400299072266
5886
0.0032911300659179688
7063
0.003389120101928711
8240
0.0034689903259277344
9417
0.003559112548828125
10594
0.0038161277770996094
11771
0.0039000511169433594
12948
0.003981113433837891
14125
0.0040700435638427734
15302
0.0041980743408203125
16479
0.004369974136352539
17656
0.004470109939575195
18833
0.0046269893646240234
20010
0.008273124694824219
20009
0.008392095565795898
0
1178
0.002730131149291992
2355
0.0029180049896240234
3532
0.002980947494506836
4709
0.0030319690704345703
5886
0.0030829906463623047
7063
0.0031890869140625
8240
0.003370046615600586
9417
0.003428936004638672
10594
0.003615140914916992
11771
0.00386810302734375
12948
0.003931999206542969
14125
0.004023075103759766
15302
0.00418400764465332
16479
0.004302978515625
17656
0.004393100738525391
18833
0.004536151885986328
20010
0.00869894027709961
20009
0.00881195068359375
0
1178
0.00286102294921875
2355
0.0029489994049072266
3532
0.003010988235473633
4709
0.003144979476928711
5886
0.003201007843017578
7063
0.0032989978790283203
8240
0.003450155258178711
9417
0.003654003143310547
10594
0.0037360191345214844
11771
0.0039560794830322266
12948
0.0040171146392822266
14125
0.004125118255615234
15302
0.0042400360107421875
16479
0.004354953765869141
17656
0.004486083984375
18833
0.004630088806152344
20010
0.008471965789794922
20009
0.008589029312133789
0
1178
0.0027289390563964844
2355
0.002964019775390625
3532
0.0030319690704345703
4709
0.0030879974365234375
5886
0.0031418800354003906
7063
0.003259897232055664
8240
0.0033769607543945312
9417
0.003615856170654297
10594
0.0036728382110595703
11771
0.0038290023803710938
12948
0.003921985626220703
14125
0.004015922546386719
15302
0.004143953323364258
16479
0.004318952560424805
17656
0.004402875900268555
18833
0.004539966583251953
20010
0.008785009384155273
20009
0.008903980255126953
0
1178
0.002671957015991211
2355
0.002789020538330078
3532
0.0029370784759521484
4709
0.0029909610748291016
5886
0.003041982650756836
7063
0.0031418800354003906
8240
0.003267049789428711
9417
0.0034608840942382812
10594
0.003556966781616211
11771
0.0037109851837158203
12948
0.00393986701965332
14125
0.003998994827270508
15302
0.004127025604248047
16479
0.004212856292724609
17656
0.004355907440185547
18833
0.004519939422607422
20010
0.008905887603759766
20009
0.009023904800415039
0
1178
0.002952098846435547
2355
0.0030350685119628906
3532
0.0030999183654785156
4709
0.0031540393829345703
5886
0.0032739639282226562
7063
0.003345966339111328
8240
0.003448963165283203
9417
0.0036940574645996094
10594
0.003773927688598633
11771
0.0038580894470214844
12948
0.004071950912475586
14125
0.004141092300415039
15302
0.004331111907958984
16479
0.0044591426849365234
17656
0.004560947418212891
18833
0.004667043685913086
20010
0.008587121963500977
20009
0.008706092834472656
0
1178
0.0026857852935791016
2355
0.002936840057373047
3532
0.0030019283294677734
4709
0.0030558109283447266
5886
0.003108978271484375
7063
0.003229856491088867
8240
0.003307819366455078
9417
0.003421783447265625
10594
0.003660917282104492
11771
0.0037679672241210938
12948
0.003854990005493164
14125
0.004099845886230469
15302
0.0041849613189697266
16479
0.004266977310180664
17656
0.0044138431549072266
18833
0.004547834396362305
20010
0.008459806442260742
20009
0.008582830429077148
0
1178
0.002794027328491211
2355
0.0028748512268066406
3532
0.0030050277709960938
4709
0.0030579566955566406
5886
0.0031418800354003906
7063
0.003429889678955078
8240
0.00350189208984375
9417
0.0036039352416992188
10594
0.0036590099334716797
11771
0.003743886947631836
12948
0.003969907760620117
14125
0.004109859466552734
15302
0.004291057586669922
16479
0.0043849945068359375
17656
0.004528045654296875
18833
0.0046198368072509766
20010
0.008892059326171875
20009
0.009007930755615234
0
1178
0.002796173095703125
2355
0.0029611587524414062
3532
0.0030241012573242188
4709
0.0030760765075683594
5886
0.003165006637573242
7063
0.003437042236328125
8240
0.0034890174865722656
9417
0.0035371780395507812
10594
0.0037660598754882812
11771
0.0039370059967041016
12948
0.0040090084075927734
14125
0.0041010379791259766
15302
0.004238128662109375
16479
0.004343986511230469
17656
0.004444122314453125
18833
0.004619121551513672
20010
0.008471965789794922
20009
0.00858616828918457
0
1178
0.0027861595153808594
2355
0.0029621124267578125
3532
0.003025054931640625
4709
0.0030770301818847656
5886
0.0031681060791015625
7063
0.0034589767456054688
8240
0.003535032272338867
9417
0.003592967987060547
10594
0.003674030303955078
11771
0.0038559436798095703
12948
0.00403904914855957
14125
0.004106044769287109
15302
0.0042650699615478516
16479
0.0043909549713134766
17656
0.0044901371002197266
18833
0.004590034484863281
20010
0.008521080017089844
20009
0.008635997772216797
0
1178
0.0027151107788085938
2355
0.002885103225708008
3532
0.0029480457305908203
4709
0.0030012130737304688
5886
0.0030930042266845703
7063
0.003159046173095703
8240
0.0033600330352783203
9417
0.003590106964111328
10594
0.003821134567260742
11771
0.0039081573486328125
12948
0.004002094268798828
14125
0.004063129425048828
15302
0.0042340755462646484
16479
0.004299163818359375
17656
0.0044901371002197266
18833
0.004609107971191406
20010
0.00860905647277832
20009
0.008725166320800781
0
1178
0.0028810501098632812
2355
0.0030820369720458984
3532
0.0031480789184570312
4709
0.003201007843017578
5886
0.0033719539642333984
7063
0.0034410953521728516
8240
0.0034940242767333984
9417
0.003551959991455078
10594
0.0038111209869384766
11771
0.003898143768310547
12948
0.003962039947509766
14125
0.004107952117919922
15302
0.004220008850097656
16479
0.004388093948364258
17656
0.004477977752685547
18833
0.005339145660400391
20010
0.008572101593017578
20009
0.008687019348144531
0
1178
0.002749204635620117
2355
0.0029120445251464844
3532
0.0029740333557128906
4709
0.0030260086059570312
5886
0.0031211376190185547
7063
0.0032091140747070312
8240
0.0034379959106445312
9417
0.003498077392578125
10594
0.003595113754272461
11771
0.003815174102783203
12948
0.004008054733276367
14125
0.004067182540893555
15302
0.004183053970336914
16479
0.004317045211791992
17656
0.0044400691986083984
18833
0.004599094390869141
20010
0.0085601806640625
20009
0.008690118789672852
0
1178
0.0029189586639404297
2355
0.003008127212524414
3532
0.0030710697174072266
4709
0.003178119659423828
5886
0.0032329559326171875
7063
0.0034329891204833984
8240
0.003489971160888672
9417
0.0035490989685058594
10594
0.0038530826568603516
11771
0.003916025161743164
12948
0.00397801399230957
14125
0.004146099090576172
15302
0.004238128662109375
16479
0.0044591426849365234
17656
0.004556179046630859
18833
0.004667043685913086
20010
0.00876307487487793
20009
0.00888204574584961
0
1178
0.0027418136596679688
2355
0.002938985824584961
3532
0.003010988235473633
4709
0.003064870834350586
5886
0.003117799758911133
7063
0.0034170150756835938
8240
0.0034918785095214844
9417
0.003574848175048828
10594
0.003816843032836914
11771
0.0038979053497314453
12948
0.003956794738769531
14125
0.004097938537597656
15302
0.00418400764465332
16479
0.004333019256591797
17656
0.0044329166412353516
18833
0.0046079158782958984
20010
0.008624792098999023
20009
0.008740901947021484
0
1178
0.002830028533935547
2355
0.0030159950256347656
3532
0.003081083297729492
4709
0.003134012222290039
5886
0.003217935562133789
7063
0.003309011459350586
8240
0.003386974334716797
9417
0.0036079883575439453
10594
0.0036630630493164062
11771
0.0038309097290039062
12948
0.00394892692565918
14125
0.004058122634887695
15302
0.0042340755462646484
16479
0.004388093948364258
17656
0.004467964172363281
18833
0.004609107971191406
20010
0.008574962615966797
20009
0.008688926696777344
0
1178
0.002729177474975586
2355
0.0029120445251464844
3532
0.002977132797241211
4709
0.0030281543731689453
5886
0.003116130828857422
7063
0.0031790733337402344
8240
0.003370046615600586
9417
0.003448009490966797
10594
0.0035581588745117188
11771
0.0038421154022216797
12948
0.003921031951904297
14125
0.003979206085205078
15302
0.004346132278442383
16479
0.0044100284576416016
17656
0.004503011703491211
18833
0.004609107971191406
20010
0.008339166641235352
20009
0.008453130722045898
0
1178
0.002768993377685547
2355
0.002956867218017578
3532
0.003023862838745117
4709
0.0031249523162841797
5886
0.003180980682373047
7063
0.0033049583435058594
8240
0.0033609867095947266
9417
0.0035810470581054688
10594
0.0036580562591552734
11771
0.00374603271484375
12948
0.004066944122314453
14125
0.0041370391845703125
15302
0.0042569637298583984
16479
0.004395961761474609
17656
0.004513978958129883
18833
0.004620075225830078
20010
0.008634090423583984
20009
0.00875401496887207
0
1178
0.002774953842163086
2355
0.0029468536376953125
3532
0.003010988235473633
4709
0.003064870834350586
5886
0.003161907196044922
7063
0.003228902816772461
8240
0.003361940383911133
9417
0.0035920143127441406
10594
0.003671884536743164
11771
0.0038678646087646484
12948
0.003954887390136719
14125
0.0040378570556640625
15302
0.004259824752807617
16479
0.004362821578979492
17656
0.004446983337402344
18833
0.0046329498291015625
20010
0.008598804473876953
20009
0.008718013763427734
0
1178
0.0029211044311523438
2355
0.0030150413513183594
3532
0.003078937530517578
4709
0.0031321048736572266
5886
0.003242969512939453
7063
0.0034461021423339844
8240
0.0035059452056884766
9417
0.003565073013305664
10594
0.0037279129028320312
11771
0.003813028335571289
12948
0.0038909912109375
14125
0.004036903381347656
15302
0.00421905517578125
16479
0.004346132278442383
17656
0.004437923431396484
18833
0.0045909881591796875
20010
0.008800983428955078
20009
0.008919000625610352
0
1178
0.00286102294921875
2355
0.0029489994049072266
3532
0.0031201839447021484
4709
0.003178119659423828
5886
0.003283977508544922
7063
0.0033521652221679688
8240
0.0034401416778564453
9417
0.0035979747772216797
10594
0.0036771297454833984
11771
0.0038411617279052734
12948
0.003976106643676758
14125
0.004037141799926758
15302
0.004297018051147461
16479
0.0043621063232421875
17656
0.0045070648193359375
18833
0.004641056060791016
20010
0.008819103240966797
20009
0.008938074111938477
0
1178
0.0027468204498291016
2355
0.0029180049896240234
3532
0.0029838085174560547
4709
0.003095865249633789
5886
0.00315093994140625
7063
0.003220796585083008
8240
0.003323793411254883
9417
0.0035538673400878906
10594
0.003610849380493164
11771
0.0037789344787597656
12948
0.003933906555175781
14125
0.004002809524536133
15302
0.004227876663208008
16479
0.004354953765869141
17656
0.004438877105712891
18833
0.0045888423919677734
20010
0.008352994918823242
20009
0.008471012115478516
0
1178
0.0028100013732910156
2355
0.002988100051879883
3532
0.003050088882446289
4709
0.0031261444091796875
5886
0.0031960010528564453
7063
0.003281116485595703
8240
0.003489971160888672
9417
0.0035521984100341797
10594
0.0037260055541992188
11771
0.003887176513671875
12948
0.003946065902709961
14125
0.004146099090576172
15302
0.0042400360107421875
16479
0.004383087158203125
17656
0.0044820308685302734
18833
0.004655122756958008
20010
0.008455991744995117
20009
0.008569002151489258
0
1178
0.0028209686279296875
2355
0.0029900074005126953
3532
0.003052949905395508
4709
0.003103971481323242
5886
0.0031859874725341797
7063
0.0032520294189453125
8240
0.0034058094024658203
9417
0.0036389827728271484
10594
0.0038928985595703125
11771
0.003954887390136719
12948
0.004040956497192383
14125
0.004106998443603516
15302
0.004292011260986328
16479
0.004429817199707031
17656
0.0045168399810791016
18833
0.004602909088134766
20010
0.008467912673950195
20009
0.008581876754760742
0
1178
0.002827167510986328
2355
0.002997159957885742
3532
0.003058195114135742
4709
0.003108978271484375
5886
0.00321197509765625
7063
0.003300189971923828
8240
0.003407001495361328
9417
0.003487110137939453
10594
0.0037970542907714844
11771
0.0038771629333496094
12948
0.0039691925048828125
14125
0.004168987274169922
15302
0.004266023635864258
16479
0.00442814826965332
17656
0.004536151885986328
18833
0.004996061325073242
20010
0.008597135543823242
20009
0.00871419906616211
0
1178
0.0030050277709960938
2355
0.003091096878051758
3532
0.0031549930572509766
4709
0.003287076950073242
5886
0.0033431053161621094
7063
0.003412008285522461
8240
0.003492116928100586
9417
0.0036079883575439453
10594
0.0037140846252441406
11771
0.0038459300994873047
12948
0.0058939456939697266
14125
0.006190061569213867
15302
0.006386995315551758
16479
0.0065190792083740234
17656
0.007169008255004883
18833
0.008151054382324219
20010
0.01259303092956543
20009
0.012717008590698242
0
1178
0.0027518272399902344
2355
0.002998828887939453
3532
0.0030608177185058594
4709
0.003113985061645508
5886
0.0032389163970947266
7063
0.0033049583435058594
8240
0.003386974334716797
9417
0.0034749507904052734
10594
0.0035707950592041016
11771
0.0038650035858154297
12948
0.003945827484130859
14125
0.004004001617431641
15302
0.004139900207519531
16479
0.004272937774658203
17656
0.004410982131958008
18833
0.0045528411865234375
20010
0.008993864059448242
20009
0.009109973907470703
0
1178
0.0029211044311523438
2355
0.0030040740966796875
3532
0.0030670166015625
4709
0.0031189918518066406
5886
0.003231048583984375
7063
0.003323078155517578
8240
0.0033969879150390625
9417
0.0034761428833007812
10594
0.0037729740142822266
11771
0.0038509368896484375
12948
0.003932952880859375
14125
0.004060983657836914
15302
0.004169940948486328
16479
0.0044269561767578125
17656
0.004517078399658203
18833
0.00462794303894043
20010
0.008675098419189453
20009
0.008790016174316406
0
1178
0.0028319358825683594
2355
0.0030059814453125
3532
0.0030710697174072266
4709
0.0031239986419677734
5886
0.003220081329345703
7063
0.0033860206604003906
8240
0.003467082977294922
9417
0.003548860549926758
10594
0.003787994384765625
11771
0.0038709640502929688
12948
0.003957033157348633
14125
0.004047870635986328
15302
0.004698991775512695
16479
0.005537986755371094
17656
0.005655050277709961
18833
0.005820035934448242
20010
0.008455038070678711
20009
0.008574962615966797
0
1178
0.0027618408203125
2355
0.0028798580169677734
3532
0.003036975860595703
4709
0.0030930042266845703
5886
0.003137826919555664
7063
0.00323486328125
8240
0.003412008285522461
9417
0.003473997116088867
10594
0.003665924072265625
11771
0.0038428306579589844
12948
0.00392603874206543
14125
0.004088878631591797
15302
0.0043108463287353516
16479
0.0044100284576416016
17656
0.00450897216796875
18833
0.00459599494934082
20010
0.008469820022583008
20009
0.008589029312133789
0
1178
0.0028548240661621094
2355
0.0029408931732177734
3532
0.0030739307403564453
4709
0.0031290054321289062
5886
0.0031828880310058594
7063
0.003300905227661133
8240
0.0034368038177490234
9417
0.0035178661346435547
10594
0.003702878952026367
11771
0.003935813903808594
12948
0.004011869430541992
14125
0.004122018814086914
15302
0.004225015640258789
16479
0.004376888275146484
17656
0.004459857940673828
18833
0.004634857177734375
20010
0.008468866348266602
20009
0.008585929870605469
0
1178
0.0028510093688964844
2355
0.002933979034423828
3532
0.003002166748046875
4709
0.0031311511993408203
5886
0.0031881332397460938
7063
0.0032880306243896484
8240
0.0034079551696777344
9417
0.0034689903259277344
10594
0.003612995147705078
11771
0.003863096237182617
12948
0.0039250850677490234
14125
0.004012107849121094
15302
0.004183053970336914
16479
0.004412174224853516
17656
0.004479169845581055
18833
0.004577159881591797
20010
0.008844137191772461
20009
0.008960962295532227
0
1178
0.0028009414672851562
2355
0.002894878387451172
3532
0.0029549598693847656
4709
0.003070831298828125
5886
0.00315093994140625
7063
0.0032160282135009766
8240
0.0033409595489501953
9417
0.003587961196899414
10594
0.0036640167236328125
11771
0.0038628578186035156
12948
0.003950834274291992
14125
0.004022836685180664
15302
0.00427699089050293
16479
0.0043408870697021484
17656
0.0044329166412353516
18833
0.005110025405883789
20010
0.008253812789916992
20009
0.00837087631225586
0
1178
0.002811908721923828
2355
0.0028939247131347656
3532
0.0030329227447509766
4709
0.003084897994995117
5886
0.0031359195709228516
7063
0.0032460689544677734
8240
0.0034508705139160156
9417
0.003509998321533203
10594
0.003674030303955078
11771
0.0038690567016601562
12948
0.003951072692871094
14125
0.004106044769287109
15302
0.0042340755462646484
16479
0.004345893859863281
17656
0.004437923431396484
18833
0.004600048065185547
20010
0.008630990982055664
20009
0.008767843246459961
0
1178
0.002986907958984375
2355
0.0030908584594726562
3532
0.0031499862670898438
4709
0.003201007843017578
5886
0.0032608509063720703
7063
0.0034317970275878906
8240
0.003487825393676758
9417
0.0035398006439208984
10594
0.0038259029388427734
11771
0.003911018371582031
12948
0.003991842269897461
14125
0.004095792770385742
15302
0.004190921783447266
16479
0.004503011703491211
17656
0.004565000534057617
18833
0.004654884338378906
20010
0.008544921875
20009
0.00866079330444336
0
1178
0.0027899742126464844
2355
0.0029489994049072266
3532
0.003011941909790039
4709
0.003064870834350586
5886
0.0031778812408447266
7063
0.0033059120178222656
8240
0.0033829212188720703
9417
0.003484964370727539
10594
0.0037169456481933594
11771
0.003782987594604492
12948
0.0038950443267822266
14125
0.0042018890380859375
15302
0.0042650699615478516
16479
0.004352092742919922
17656
0.004581928253173828
18833
0.004879951477050781
20010
0.009360074996948242
20009
0.00950002670288086
0
1178
0.002735137939453125
2355
0.002916097640991211
3532
0.002974987030029297
4709
0.0030281543731689453
5886
0.0031261444091796875
7063
0.0031991004943847656
8240
0.003401041030883789
9417
0.00345611572265625
10594
0.0036211013793945312
11771
0.003812074661254883
12948
0.003899097442626953
14125
0.004052162170410156
15302
0.004158973693847656
16479
0.004261970520019531
17656
0.004407167434692383
18833
0.005337953567504883
20010
0.008579015731811523
20009
0.008695125579833984
0
1178
0.002791166305541992
2355
0.0029761791229248047
3532
0.003039121627807617
4709
0.0030901432037353516
5886
0.003141164779663086
7063
0.0032570362091064453
8240
0.0033311843872070312
9417
0.0034110546112060547
10594
0.003718137741088867
11771
0.0037992000579833984
12948
0.003905057907104492
14125
0.0040280818939208984
15302
0.004121065139770508
16479
0.0042572021484375
17656
0.0044209957122802734
18833
0.00458216667175293
20010
0.00848698616027832
20009
0.008624076843261719
0
1178
0.0028200149536132812
2355
0.0029981136322021484
3532
0.0030591487884521484
4709
0.003113985061645508
5886
0.0031681060791015625
7063
0.003371000289916992
8240
0.0034291744232177734
9417
0.003473997116088867
10594
0.003790140151977539
11771
0.0038900375366210938
12948
0.003972053527832031
14125
0.004122018814086914
15302
0.004183053970336914
16479
0.004340171813964844
17656
0.004446983337402344
18833
0.004589080810546875
20010
0.008864164352416992
20009
0.00898599624633789
0
1178
0.0027370452880859375
2355
0.002902984619140625
3532
0.0029659271240234375
4709
0.0030210018157958984
5886
0.0030651092529296875
7063
0.004209995269775391
8240
0.004281044006347656
9417
0.004350900650024414
10594
0.004405021667480469
11771
0.004461050033569336
12948
0.00453495979309082
14125
0.004591941833496094
15302
0.0046520233154296875
16479
0.004791975021362305
17656
0.004854917526245117
18833
0.004918098449707031
20010
0.008615970611572266
20009
0.008735895156860352
0
1178
0.002988100051879883
2355
0.0030689239501953125
3532
0.0031280517578125
4709
0.0031890869140625
5886
0.0032999515533447266
7063
0.003350973129272461
8240
0.0034351348876953125
9417
0.0035979747772216797
10594
0.0036530494689941406
11771
0.003826141357421875
12948
0.004008054733276367
14125
0.004096031188964844
15302
0.004248142242431641
16479
0.004330158233642578
17656
0.004436016082763672
18833
0.004575967788696289
20010
0.008803129196166992
20009
0.008919000625610352
0
1178
0.002888917922973633
2355
0.0029778480529785156
3532
0.003040790557861328
4709
0.0031499862670898438
5886
0.003206968307495117
7063
0.003314971923828125
8240
0.0033838748931884766
9417
0.003596782684326172
10594
0.003670930862426758
11771
0.0038008689880371094
12948
0.003992795944213867
14125
0.004052877426147461
15302
0.004302978515625
16479
0.0043659210205078125
17656
0.004453897476196289
18833
0.0046329498291015625
20010
0.00857996940612793
20009
0.008699893951416016
0
1178
0.0029129981994628906
2355
0.0031080245971679688
3532
0.003175020217895508
4709
0.003236055374145508
5886
0.0033011436462402344
7063
0.003425121307373047
8240
0.0034830570220947266
9417
0.0038709640502929688
10594
0.003931999206542969
11771
0.0039920806884765625
12948
0.004129171371459961
14125
0.0041921138763427734
15302
0.0042781829833984375
16479
0.004391193389892578
17656
0.0044901371002197266
18833
0.00671696662902832
20010
0.008632183074951172
20009
0.00875711441040039
0
1178
0.0028009414672851562
2355
0.0028808116912841797
3532
0.003017902374267578
4709
0.0030689239501953125
5886
0.0031599998474121094
7063
0.0032248497009277344
8240
0.003361940383911133
9417
0.0035848617553710938
10594
0.003640890121459961
11771
0.003844022750854492
12948
0.003968954086303711
14125
0.004026889801025391
15302
0.004265785217285156
16479
0.004379987716674805
17656
0.0044689178466796875
18833
0.0046389102935791016
20010
0.00865483283996582
20009
0.008771896362304688
0
1178
0.002742767333984375
2355
0.002931833267211914
3532
0.002992868423461914
4709
0.0030498504638671875
5886
0.0031108856201171875
7063
0.0032579898834228516
8240
0.0033309459686279297
9417
0.0034279823303222656
10594
0.003699779510498047
11771
0.003793954849243164
12948
0.003894805908203125
14125
0.004090785980224609
15302
0.004149913787841797
16479
0.004339933395385742
17656
0.00442194938659668
18833
0.004561901092529297
20010
0.008719921112060547
20009
0.008838891983032227
0
1178
0.0027599334716796875
2355
0.0028870105743408203
3532
0.002949953079223633
4709
0.003075122833251953
5886
0.003175973892211914
7063
0.003443002700805664
8240
0.003512144088745117
9417
0.003565073013305664
10594
0.003790140151977539
11771
0.0038709640502929688
12948
0.003927946090698242
14125
0.004069089889526367
15302
0.0042209625244140625
16479
0.004338979721069336
17656
0.004419088363647461
18833
0.00462794303894043
20010
0.008593082427978516
20009
0.008711099624633789
0
1178
0.0028679370880126953
2355
0.0029468536376953125
3532
0.003003835678100586
4709
0.003062009811401367
5886
0.0031969547271728516
7063
0.0032508373260498047
8240
0.003376007080078125
9417
0.0036079883575439453
10594
0.0036628246307373047
11771
0.0038199424743652344
12948
0.00400090217590332
14125
0.004058837890625
15302
0.0041959285736083984
16479
0.0043218135833740234
17656
0.00450587272644043
18833
0.006004810333251953
20010
0.00856781005859375
20009
0.008682012557983398
0
1178
0.0030159950256347656
2355
0.003097057342529297
3532
0.0031599998474121094
4709
0.0032091140747070312
5886
0.003322124481201172
7063
0.003390073776245117
8240
0.0037031173706054688
9417
0.003756999969482422
10594
0.0038099288940429688
11771
0.003947019577026367
12948
0.004024028778076172
14125
0.004082918167114258
15302
0.004302978515625
16479
0.004395961761474609
17656
0.004489898681640625
18833
0.00484013557434082
20010
0.008620023727416992
20009
0.008734941482543945
0
1178
0.002732992172241211
2355
0.0028929710388183594
3532
0.002952098846435547
4709
0.0030090808868408203
5886
0.0030710697174072266
7063
0.003217935562133789
8240
0.003304004669189453
9417
0.003412008285522461
10594
0.0036859512329101562
11771
0.0039010047912597656
12948
0.0039789676666259766
14125
0.0040781497955322266
15302
0.004137992858886719
16479
0.004277944564819336
17656
0.0044040679931640625
18833
0.004547119140625
20010
0.008398056030273438
20009
0.008511066436767578
0
1178
0.002804994583129883
2355
0.0028870105743408203
3532
0.002950906753540039
4709
0.0030698776245117188
5886
0.0031270980834960938
7063
0.003225088119506836
8240
0.003429889678955078
9417
0.0034859180450439453
10594
0.003628969192504883
11771
0.0038759708404541016
12948
0.003938913345336914
14125
0.004023075103759766
15302
0.004153013229370117
16479
0.0042688846588134766
17656
0.0043849945068359375
18833
0.004584074020385742
20010
0.008702993392944336
20009
0.00882101058959961
0
1178
0.0028200149536132812
2355
0.002897977828979492
3532
0.0029561519622802734
4709
0.003077983856201172
5886
0.003248929977416992
7063
0.0032999515533447266
8240
0.0034339427947998047
9417
0.00356292724609375
10594
0.003638029098510742
11771
0.0038521289825439453
12948
0.003930091857910156
14125
0.004012107849121094
15302
0.004210948944091797
16479
0.00432896614074707
17656
0.0044100284576416016
18833
0.004555940628051758
20010
0.008561134338378906
20009
0.008675098419189453
0
1178
0.0029218196868896484
2355
0.003000974655151367
3532
0.003062009811401367
4709
0.003134012222290039
5886
0.003262042999267578
7063
0.003329038619995117
8240
0.0034258365631103516
9417
0.00347900390625
10594
0.00362396240234375
11771
0.0038700103759765625
12948
0.003938913345336914
14125
0.004019975662231445
15302
0.004158973693847656
16479
0.0042879581451416016
17656
0.004410982131958008
18833
0.005041837692260742
20010
0.00904083251953125
20009
0.009156942367553711
0
1178
0.0029451847076416016
2355
0.0030210018157958984
3532
0.003080129623413086
4709
0.0031371116638183594
5886
0.0032591819763183594
7063
0.003309965133666992
8240
0.003473043441772461
9417
0.003564119338989258
10594
0.0036520957946777344
11771
0.003865957260131836
12948
0.003945112228393555
14125
0.004026174545288086
15302
0.0041351318359375
16479
0.004285097122192383
17656
0.004457950592041016
18833
0.004569053649902344
20010
0.008481025695800781
20009
0.008596181869506836
0
1178
0.002774953842163086
2355
0.0029599666595458984
3532
0.0030260086059570312
4709
0.003075838088989258
5886
0.0031769275665283203
7063
0.003242015838623047
8240
0.003309965133666992
9417
0.0033957958221435547
10594
0.0035638809204101562
11771
0.0038208961486816406
12948
0.0038819313049316406
14125
0.004058837890625
15302
0.004139900207519531
16479
0.004233837127685547
17656
0.004318952560424805
18833
0.004472017288208008
20010
0.008617877960205078
20009
0.008732795715332031
0
1178
0.003120899200439453
2355
0.0032019615173339844
3532
0.0032608509063720703
4709
0.0033218860626220703
5886
0.0034439563751220703
7063
0.0034990310668945312
8240
0.0035538673400878906
9417
0.0036580562591552734
10594
0.003715991973876953
11771
0.0038199424743652344
12948
0.004075050354003906
14125
0.0041408538818359375
15302
0.004292964935302734
16479
0.0043790340423583984
17656
0.0044820308685302734
18833
0.004611015319824219
20010
0.00875401496887207
20009
0.008900880813598633
0
1178
0.0026760101318359375
2355
0.002794981002807617
3532
0.002941131591796875
4709
0.0029959678649902344
5886
0.003091096878051758
7063
0.003158092498779297
8240
0.0033359527587890625
9417
0.0034151077270507812
10594
0.003495931625366211
11771
0.003885984420776367
12948
0.003947019577026367
14125
0.0040090084075927734
15302
0.004122018814086914
16479
0.0042209625244140625
17656
0.0043430328369140625
18833
0.00450897216796875
20010
0.008585929870605469
20009
0.008708000183105469
0
1178
0.0026769638061523438
2355
0.002791881561279297
3532
0.002919912338256836
4709
0.002980947494506836
5886
0.0031909942626953125
7063
0.003270864486694336
8240
0.0033550262451171875
9417
0.0034279823303222656
10594
0.0035560131072998047
11771
0.0038018226623535156
12948
0.0038819313049316406
14125
0.003969907760620117
15302
0.004068851470947266
16479
0.0042798519134521484
17656
0.004361867904663086
18833
0.0044858455657958984
20010
0.00868082046508789
20009
0.008798837661743164
0
1178
0.0027778148651123047
2355
0.0029289722442626953
3532
0.0029909610748291016
4709
0.0030410289764404297
5886
0.0031478404998779297
7063
0.0032379627227783203
8240
0.003482818603515625
9417
0.0035588741302490234
10594
0.0036399364471435547
11771
0.003876924514770508
12948
0.0039348602294921875
14125
0.004019021987915039
15302
0.004155874252319336
16479
0.00429081916809082
17656
0.004397869110107422
18833
0.00456690788269043
20010
0.008445978164672852
20009
0.008564949035644531
0
1178
0.002711057662963867
2355
0.0029230117797851562
3532
0.0029859542846679688
4709
0.0030660629272460938
5886
0.003153085708618164
7063
0.0032329559326171875
8240
0.0033309459686279297
9417
0.0034220218658447266
10594
0.0036880970001220703
11771
0.003762960433959961
12948
0.003860950469970703
14125
0.003962039947509766
15302
0.004137992858886719
16479
0.0042591094970703125
17656
0.004392147064208984
18833
0.00453495979309082
20010
0.008471965789794922
20009
0.008587121963500977
0
1178
0.0029778480529785156
2355
0.003058910369873047
3532
0.0031239986419677734
4709
0.0031728744506835938
5886
0.0032830238342285156
7063
0.0033490657806396484
8240
0.0034449100494384766
9417
0.003498077392578125
10594
0.0037109851837158203
11771
0.00380706787109375
12948
0.0038909912109375
14125
0.0040628910064697266
15302
0.0041959285736083984
16479
0.0043010711669921875
17656
0.00444793701171875
18833
0.0045778751373291016
20010
0.008532047271728516
20009
0.008660078048706055
0
1178
0.002763986587524414
2355
0.002841949462890625
3532
0.002997875213623047
4709
0.0030579566955566406
5886
0.003119945526123047
7063
0.0032019615173339844
8240
0.0033659934997558594
9417
0.003448009490966797
10594
0.003537893295288086
11771
0.0038149356842041016
12948
0.003907918930053711
14125
0.0039920806884765625
15302
0.0041980743408203125
16479
0.004294872283935547
17656
0.004435062408447266
18833
0.004528045654296875
20010
0.008598089218139648
20009
0.00871586799621582
0
1178
0.002744913101196289
2355
0.0029168128967285156
3532
0.002981901168823242
4709
0.003033876419067383
5886
0.0030908584594726562
7063
0.0032439231872558594
8240
0.003331899642944336
9417
0.0034198760986328125
10594
0.0036318302154541016
11771
0.0039288997650146484
12948
0.004010915756225586
14125
0.004095792770385742
15302
0.004197835922241211
16479
0.004336833953857422
17656
0.004426002502441406
18833
0.004598855972290039
20010
0.00912785530090332
20009
0.009248971939086914
0
1178
0.002768993377685547
2355
0.0028498172760009766
3532
0.0029938220977783203
4709
0.0030558109283447266
5886
0.003119945526123047
7063
0.0032248497009277344
8240
0.003376007080078125
9417
0.0034508705139160156
10594
0.003592967987060547
11771
0.003815889358520508
12948
0.003901958465576172
14125
0.003990888595581055
15302
0.0041239261627197266
16479
0.0042459964752197266
17656
0.0044329166412353516
18833
0.0045278072357177734
20010
0.008381843566894531
20009
0.008508920669555664
0
1178
0.003077983856201172
2355
0.003159046173095703
3532
0.0032470226287841797
4709
0.0033020973205566406
5886
0.003425121307373047
7063
0.003493070602416992
8240
0.0035889148712158203
9417
0.0036449432373046875
10594
0.0037310123443603516
11771
0.0039141178131103516
12948
0.003991127014160156
14125
0.004067897796630859
15302
0.004255056381225586
16479
0.00433802604675293
17656
0.00445103645324707
18833
0.0058820247650146484
20010
0.008522987365722656
20009
0.00864410400390625
0
1178
0.0027489662170410156
2355
0.002908945083618164
3532
0.002972126007080078
4709
0.0030341148376464844
5886
0.00315093994140625
7063
0.0032300949096679688
8240
0.0033979415893554688
9417
0.003506898880004883
10594
0.0036439895629882812
11771
0.0038831233978271484
12948
0.003963947296142578
14125
0.004054069519042969
15302
0.004133939743041992
16479
0.004424095153808594
17656
0.004518032073974609
18833
0.004606008529663086
20010
0.008893013000488281
20009
0.009028911590576172
0
1178
0.002755880355834961
2355
0.0029468536376953125
3532
0.003016948699951172
4709
0.0030689239501953125
5886
0.0031249523162841797
7063
0.00327301025390625
8240
0.0033669471740722656
9417
0.0034499168395996094
10594
0.0037000179290771484
11771
0.0038018226623535156
12948
0.0038900375366210938
14125
0.004066944122314453
15302
0.004194974899291992
16479
0.004309892654418945
17656
0.004428863525390625
18833
0.0045850276947021484
20010
0.008160829544067383
20009
0.008281946182250977
0
1178
0.0028409957885742188
2355
0.0029211044311523438
3532
0.0029799938201904297
4709
0.0031020641326904297
5886
0.0031669139862060547
7063
0.0032689571380615234
8240
0.0033490657806396484
9417
0.0034470558166503906
10594
0.003771066665649414
11771
0.0038709640502929688
12948
0.0039539337158203125
14125
0.004167079925537109
15302
0.004231929779052734
16479
0.0043871402740478516
17656
0.004492998123168945
18833
0.004599094390869141
20010
0.008559942245483398
20009
0.008678913116455078
0
1178
0.0027420520782470703
2355
0.0028281211853027344
3532
0.0029969215393066406
4709
0.0030510425567626953
5886
0.0031070709228515625
7063
0.0031709671020507812
8240
0.0032799243927001953
9417
0.003493070602416992
10594
0.003548145294189453
11771
0.003740072250366211
12948
0.003947019577026367
14125
0.004005908966064453
15302
0.0041120052337646484
16479
0.004189014434814453
17656
0.004351139068603516
18833
0.004495143890380859
20010
0.008770942687988281
20009
0.008887052536010742
0
1178
0.002727985382080078
2355
0.0031321048736572266
3532
0.003194093704223633
4709
0.0032520294189453125
5886
0.0033130645751953125
7063
0.0034170150756835938
8240
0.003606081008911133
9417
0.0036780834197998047
10594
0.003732919692993164
11771
0.0037889480590820312
12948
0.0039501190185546875
14125
0.004010915756225586
15302
0.004166126251220703
16479
0.0042819976806640625
17656
0.00452113151550293
18833
0.004585981369018555
20010
0.008672952651977539
20009
0.008786916732788086
0
1178
0.002732992172241211
2355
0.002952098846435547
3532
0.0030150413513183594
4709
0.0030660629272460938
5886
0.0031201839447021484
7063
0.0032460689544677734
8240
0.003462076187133789
9417
0.0036971569061279297
10594
0.003751993179321289
11771
0.003930091857910156
12948
0.003988027572631836
14125
0.0040740966796875
15302
0.0041539669036865234
16479
0.004238128662109375
17656
0.004412174224853516
18833
0.004580974578857422
20010
0.008656978607177734
20009
0.008773088455200195
0
1178
0.0028541088104248047
2355
0.0029380321502685547
3532
0.002995014190673828
4709
0.003056049346923828
5886
0.003202199935913086
7063
0.0032601356506347656
8240
0.0033559799194335938
9417
0.0036220550537109375
10594
0.003676176071166992
11771
0.003854990005493164
12948
0.0039730072021484375
14125
0.004065036773681641
15302
0.004266977310180664
16479
0.004369020462036133
17656
0.0044481754302978516
18833
0.004611968994140625
20010
0.008735179901123047
20009
0.00885009765625
0
1178
0.0027701854705810547
2355
0.0029320716857910156
3532
0.002995014190673828
4709
0.0030431747436523438
5886
0.003139019012451172
7063
0.0032291412353515625
8240
0.0034661293029785156
9417
0.0035181045532226562
10594
0.003657102584838867
11771
0.0039081573486328125
12948
0.003968000411987305
14125
0.004049062728881836
15302
0.00428009033203125
16479
0.004342079162597656
17656
0.004485130310058594
18833
0.004618167877197266
20010
0.00870203971862793
20009
0.008828163146972656
0
1178
0.0027370452880859375
2355
0.0029299259185791016
3532
0.0029909610748291016
4709
0.003047943115234375
5886
0.003147125244140625
7063
0.0032279491424560547
8240
0.003297090530395508
9417
0.0033919811248779297
10594
0.003693103790283203
11771
0.003782033920288086
12948
0.0038590431213378906
14125
0.004073143005371094
15302
0.004132986068725586
16479
0.0043680667877197266
17656
0.004431009292602539
18833
0.004523038864135742
20010
0.008420944213867188
20009
0.008533954620361328
0
1178
0.0027909278869628906
2355
0.0029430389404296875
3532
0.0030050277709960938
4709
0.003052949905395508
5886
0.0031599998474121094
7063
0.0032460689544677734
8240
0.003437042236328125
9417
0.003648996353149414
10594
0.0038919448852539062
11771
0.003968000411987305
12948
0.004024028778076172
14125
0.004121065139770508
15302
0.004239082336425781
16479
0.004332065582275391
17656
0.004445075988769531
18833
0.004619121551513672
20010
0.00854802131652832
20009
0.008665084838867188
0
1178
0.0026471614837646484
2355
0.0028002262115478516
3532
0.0029430389404296875
4709
0.0030062198638916016
5886
0.0030710697174072266
7063
0.0031731128692626953
8240
0.0032541751861572266
9417
0.0034990310668945312
10594
0.003582000732421875
11771
0.003668069839477539
12948
0.00395512580871582
14125
0.0040400028228759766
15302
0.004104137420654297
16479
0.00421905517578125
17656
0.004359006881713867
18833
0.004494190216064453
20010
0.008516073226928711
20009
0.008637189865112305
0
1178
0.0027570724487304688
2355
0.002928018569946289
3532
0.0030019283294677734
4709
0.003103017807006836
5886
0.003161907196044922
7063
0.0032279491424560547
8240
0.003465890884399414
9417
0.0035359859466552734
10594
0.003593921661376953
11771
0.003921985626220703
12948
0.003984928131103516
14125
0.004046916961669922
15302
0.00415492057800293
16479
0.004263877868652344
17656
0.004469871520996094
18833
0.004589080810546875
20010
0.008183002471923828
20009
0.008301973342895508
0
1178
0.0029451847076416016
2355
0.003025054931640625
3532
0.0030832290649414062
4709
0.0031402111053466797
5886
0.003245115280151367
7063
0.0032961368560791016
8240
0.0033960342407226562
9417
0.003667116165161133
10594
0.0037221908569335938
11771
0.0038390159606933594
12948
0.0040340423583984375
14125
0.004094123840332031
15302
0.004355192184448242
16479
0.004452228546142578
17656
0.004533052444458008
18833
0.004631996154785156
20010
0.008616209030151367
20009
0.008732080459594727
